38
8
27
31
6
3
30
9
15
29
16
16
26
35
22
555
9
8
36
17
30
7
2
1
9
19
38
11
3
9
35
31
5
32
8
20
27
4
4
40
8
37
4
23
5
6
8
1
3
8
1
4
8
4
39
31
21
23
22
9
4
6
4
34
38
31
28
2
40
27
27
8
8
7
4
6028
29
13
16
19
7
17
3
12
6808
9
34
19
1
38
12
9
25
26
31
1
37
8
40
9
15
11
3
9
40
7903
4
33
3
7
2
1
5
7
31
5
26
13
1
6907
35
21
32
13
1
11
6
27
26
1
31
6
24
3
28
40
3
2
32
16
37
22
22
19
13
1
9
9
15
1
7
4
40
6
30
35
9175
15
9
18
25
12
28
36
15
11
25
5
2
7
30
33
35
36
10
23
17
10
27
13
19
5
21
7
28
9
6313
30
12
23
8
4
2
17
3
1
15
6
10
33
27
35
16
8
6
23
21
9
15
7
8
2
8
9
5
26
35
28
25
22
24
32
14
6
34
30
34
20
39
13
37
5
7
11
23
3
18
4
4
40
17
1
10
21
1
2
5
12
3
5
27
14
13
1
32
29
32
12
22
37
14
5
7
13
17
5
17
37
25
22
30
31
5
37
40
2591
9
9
20
6
6
2
9
5
15
3
11
5
38
14
7
25
18
33
20
38
18
15
5
39
34
13
8
1
13
31
7
22
2
32
31
30
3
7
23
5
15
8
20
4
9
9
5
35
40
6
6
14
1
15
2
5
5
2
40
27
5
18
7
6
1
24
26
4
3
37
1
25
14
3
5
21
31
21
16
3
24
9
2029
32
40
3
29
32
17
6
7
39
6
36
6
35
2
29
32
4
15
5
4
34
37
13
5
26
12
7
33
5
24
17
24
3
32
9
5
35
10
22
7
1
9
16
12
39
8
2
36
16
8
4
5
14
4
38
1
20
39
25
15
8
6
1
3
23
14
35
8
2
21
7
11
19
27
718
31
28
37
14
38
31
36
6
19
29
2
8
1
27
32
17
11
6
3
27
9
34
6
38
8
16
37
27
13
15
7
9
40
8
38
38
24
38
9
6
34
33
19
25
5
39
31
10
1
37
9
4
12
7
2
22
15
10
8
5
5
36
2
26
6
20
2
39
11
2
7
10
8
9
3
37
25
5
3
12
30
34
5
21
6
13
28
6
31
3
31
4
1
26
39
7
34
9
37
16
37
14
17
8
6
7
7
15
8547
40
9
4
25
4
28
40
37
25
12
9
7
6
11
11
7
25
4
27
15
2
39
3
15
10
6
14
4
35
31
37
5
24
12
14
3
13
8
38
9
28
3
7
2
3
28
1
1
6
33
4
37
6
15
18
15
13
1
24
9
5
34
1
7
16
5
4
7
32
7
9
9
6
6
18
35
39
5
15
36
18
8
36
4
34
9
8
13
11
2
21
33
4
2
39
8
34
11
29
19
15
25
9
10
5
6
3
12
15
32
153
34
7
27
8
9
3
9
27
17
5
1
8
5
9
23
3
37
22
20
34
39
8
9
14
31
26
38
22
30
7
16
1
13
29
16
18
32
1
4
40
8
34
9
28
30
39
8
2
20
37
10
21
27
4
1
9
9
39
35
3
8
2
16
19
1
11
7
3
26
27
38
4
24
5
3
31
29
11
5
26
1
23
19
33
9
18
11
14
25
22
30
37
5
25
33
11
7232
13
2
6
2
1
8
19
3897
37
9
17
29
20
4
23
9
3
16
8
6
16
11
21
28
18
32
36
2
5
9
34
2
16
18
14
7
3
24
29
10
3
4413
13
3
29
2275
23
4
36
40
5
9
40
25
2605
15
24
1
34
39
19
2
20
23
38
13
29
8
28
8
7
20
7
21
33
12
9
35
33
15
18
6
1
36
26
34
6
3
19
6
18
4
12
2
12
14
11
2
30
10
40
4
26
36
13
8
28
13
6
33
4
23
2
32
40
27
4
8
4
5
15
8
9
27
4
5
11
29
8
6
34
9
2
3
5
1
3
30
2
31
5
25
3
3
5
36
21
30
32
37
6645
15
2
9741
9
4
2
2
1
9
37
7
32
32
24
1
1
15
4
34
4
13
8
4
12
3029
14
5
8
24
3
12
27
2
34
24
2
21
33
21
6
1
20
11
22
11
9
3
39
5
26
2
36
1
9
2
38
30
29
9
29
6
1
21
19
8
5
17
17
3
23
21
4583
30
14
2
12
2
2
8
33
36
24
3
34
6
36
4
9
7
6
17
13
9
2
6
2
3
7620
37
5
31
28
4
3
27
6
4
2
27
39
12
23
1
5
2
30
2
2
21
38
36
18
9
37
7
2
25
6
33
25
39
32
8
1
9
5
5
2
34
1
21
3
9
22
2
24
8
39
12
15
6004
6
17
27
34
27
29
21
1
8
30
9
36
32
20
14
34
8
4
24
5
9
26
4
7
21
9228
7
1
19
33
34
16
7
23
40
7
5
37
38
36
4
3
18
30
38
16
30
5
7
17
2
5060
31
37
10
36
7
16
13
35
33
3
20
9
38
13
34
10
40
5
4
4
27
34
5
29
23
26
31
3
20
34
30
22
9
6
35
2
30
3
3
25
8
4
14
2
4
37
33
4
34
1
36
1
10
6
9
37
2
6
21
15
9
23
27
8
34
7
38
25
6
6
39
1
2
2
10
6
29
6
31
29
3
18
4
10
39
25
3
22
7
28
2
25
15
5
1
37
39
8
2
12
30
16
17
6
7
38
13
10
4
24
8
25
29
36
28
4
35
12
4
40
9
8
8
16
1
39
30
2
4
12
16
14
5
40
15
1
14
39
34
2
9
14
31
22
20
31
29
35
23
3
5
12
5
27
2
29
37
13
26
1827
6
9
11
9
31
23
6
9
7
38
19
29
17
9
15
8
30
9
3
5
10
4
39
13
5
7
39
10
16
30
40
7
30
19
9
20
10
12
12
4
8
17
12
32
9
8
23
14
2
1
7
15
7
15
21
35
7
12
14
26
2
17
30
4
2
37
6
6273
20
6
24
28
8532
34
9
1286
2567
14
17
7
15
32
3
31
9771
21
24
39
23
35
1
34
25
3
8
9
7871
8
15
11
12
14
9
30
40
9
1
25
12
8
3
3
1
5977
22
31
6
15
12
8
20
3168
24
3
25
11
11
31
6
9
9
15
7
6
29
8
6
3
8
6
8
30
7331
1
31
23
35
35
7
7
32
18
19
2
11
16
18
27
5
15
6304
28
4
1
19
36
16
40
29
6
2
9
4
9
27
32
36
8
9
8517
38
13
11
18
6
5
5
16
16
7
1
3
24
34
38
19
22
34
2
17
22
13
18
24
7
17
15
9
1
30
4
37
24
12
34
22
29
6
32
4
30
2
31
39
4
33
1
29
9
4
8
4
7
7
21
22
17
3
29
9
33
6
33
2
5
16
40
3
2
36
13
19
22
29
22
6486
29
7
22
4
17
23
4
13
15
34
26
30
23
3
1
40
30
18
7
9
4
6
20
6
20
8
15
3
11
9
1152
8
8
