38
8
34
27
31
6
3
30
9
15
29
16
16
26
5
23
35
22
14
555
9
8
36
17
3
30
7
2
1
9
19
11
9
33
5
17
8
13
20
28
39
4
4
40
8
37
9
4
23
5
6
8
1
12
8
29
1
4
8
20
31
2
22
9
4
6
4
38
11
31
2
40
27
8
8
4
7
4
4
6028
29
13
16
16
19
7
17
3
12
6808
9
19
1
12
9
25
31
4
18
37
8
40
9
15
11
3
9
40
6
7903
4
3
7
2
1
7
31
34
5
26
27
13
1
6907
35
32
13
1
4
11
6
27
7
31
6
24
28
40
3
32
9
18
37
22
19
13
1
9
9
15
35
1
7
4
40
30
35
9175
1
15
21
9
11
31
18
30
25
12
28
36
15
11
25
2
7
30
33
40
35
36
10
23
17
10
35
13
21
7
28
9
30
12
23
8
31
40
4
7
2
17
3
13
1
15
6
10
33
27
35
3
6
6
3
23
21
9
15
8
2
8
9
5
26
35
28
25
22
32
14
6
34
20
13
37
5
11
23
3
40
4
17
10
21
1
24
2
12
3
5
27
14
13
1
32
29
32
12
22
38
37
24
39
16
1
5
7
18
13
17
5
17
37
31
5
37
40
5
2591
9
9
20
6
6
2
9
5
26
15
3
11
38
14
7
25
18
33
20
25
15
5
39
34
13
1
31
38
7
22
2
1
31
30
7
23
5
4
8
20
4
9
9
5
35
40
6
6
14
13
1
33
5
5
6
6
2
31
40
27
5
18
6
8
1
26
4
3
37
1
25
14
3
31
21
6
1
16
3
24
9
2029
40
3
29
32
17
6
7
22
39
6
32
36
3
6
31
35
2
29
1
4
15
4
34
13
5
26
33
14
22
5
24
17
24
3
32
9
15
4
2
5
35
10
3
1
9
12
8
8
2
36
17
16
3
16
4
5
14
4
38
1
20
25
15
8
6
1
3
23
35
20
8
2
21
7
11
19
27
31
28
8
37
14
38
31
36
6
19
2
8
1
27
32
5
17
11
7
27
13
34
6
38
8
16
37
27
13
15
7
8
38
38
9
6
21
19
5
39
31
10
1
37
9
7
12
7
2
22
15
10
8
5
36
2
26
6
20
2
11
18
7
12
9
16
3
37
5
12
30
27
5
5
6
13
28
6
31
3
31
4
39
7
16
34
9
37
16
19
14
8
5
7
7
15
8547
40
9
4
4
28
40
37
25
12
7
6
11
11
38
11
25
4
27
15
30
39
3
15
10
6
14
4
35
37
5
24
8847
14
3
13
8
31
7
38
9
28
3
7
3
28
1
1
40
37
15
15
13
1
24
9
1
5
34
7
16
5
4
7
32
9
9
6
6
18
35
34
39
5
15
36
18
8
36
4
34
9
8
25
13
2
21
33
4
2
31
34
9
11
38
29
19
15
9
10
5
6
33
15
32
153
34
7
8
6
9
9
27
8
5
9
3
37
37
22
20
9
34
39
9
26
38
22
30
7
16
1
13
29
16
18
32
1
4
40
8
34
9
28
30
32
39
8
2
2
21
21
4
1
9
9
39
35
3
8
2
16
19
1
7
4610
26
38
4
24
3
31
29
11
2
5
26
1
23
19
30
33
9
18
11
14
25
22
30
37
28
5
33
11
7232
13
2
1
33
8
19
3897
1387
9
17
29
4
23
9
3
16
29
4
18
8
6
16
11
21
28
7
19
18
32
36
2
5
2
14
7
3
24
29
10
4413
9
13
3
29
2275
4
36
40
5
9
5
40
25
2605
15
24
1
34
39
19
2
20
23
38
39
13
5
29
8
39
28
19
7
15
20
7
8
21
33
1
12
9
33
3
15
1
36
34
6
3
19
6
18
4
12
2
12
14
11
30
40
40
26
36
3
32
13
8
16
35
28
13
6
33
4
2
32
22
40
27
4
4
5
35
15
8
9
23
27
5
11
8
34
2
2
23
5
1
3
30
2
31
5
25
3
3
39
5
36
21
30
32
37
9
9
6645
15
2
9741
9
4
2
1
9
37
7
32
32
19
14
24
1
1
15
4
34
4
13
9
4
8
3029
17
14
5
8
24
3
12
27
8
2
34
19
24
2
21
33
21
6
28
9
38
20
38
22
11
9
3
39
5
26
2
6
36
1
9
2
38
30
13
29
29
6
18
1
19
1
8
27
5
17
17
2
3
23
21
4583
30
2
12
2
2
8
33
36
24
4
3
34
6
4
9
6
17
13
9
2
8
6
23
2
3
22
7620
7
24
5
31
28
3
5
6
4
2
27
39
12
23
1
5
2
30
2
2
21
38
16
36
18
37
7
2
6
33
25
39
32
8
1
9
5
5
34
1
21
3
9
2
24
8
39
12
15
9
6004
6
17
27
34
27
29
21
35
2
1
17
8
30
9
39
36
34
32
14
34
8
4
24
9
26
4
7
35
9228
7
1
19
33
34
16
36
7
40
2
5
38
36
4
3
30
38
16
25
30
5
7
24
17
2
5060
31
37
2
10
14
36
7
16
35
33
3
20
38
13
34
10
40
5
4
4
16
34
5
29
23
26
31
25
2
3
20
30
22
9
6
35
2
30
3
3
25
8
14
2
4
37
33
4
34
1
1
10
27
9
37
2
6
21
15
9
27
8
7
38
6
6
25
10
6
38
39
1
40
2
2
10
6
29
6
31
29
18
4
10
36
39
25
3
22
28
2
15
5
37
39
8
34
12
30
17
6
7
38
10
4
32
8
25
29
36
28
5
35
12
4
40
38
9
8
16
25
1
39
30
2
4
12
16
14
11
5
40
6
1
39
34
14
31
22
20
31
29
8
35
23
3
16
5
12
5
27
2
29
37
13
26
1827
9
11
9
31
23
6
7
38
19
29
28
17
9
15
8
11
30
9
3
5
10
4
39
13
18
7
39
10
16
30
40
7
3
30
19
9
20
10
12
12
4
8
17
32
9
8
34
23
14
40
2
1
7
15
7
15
21
7
12
14
2
17
30
4
2
8
37
6
6273
20
6
28
7
8532
34
9
1286
14
17
4
15
32
3
31
21
24
39
9
18
23
35
3
36
31
1
34
25
3
13
8
9
7871
12
14
30
9
1
25
12
8
3
1
5977
22
15
6
15
38
12
8
8
20
3168
24
1
31
25
11
11
31
6
9
9
7
15
7
6
29
8
6
3
6
8
30
7331
2
31
23
35
35
3
7
7
32
18
9
19
2
7
11
16
18
27
1
15
28
4
1
9
19
36
7
5
16
40
29
34
2
9
4
18
9
27
32
36
8
19
9
8517
13
11
30
6
5
5
16
16
29
21
7
1
3
24
34
38
19
22
34
2
3
17
3
22
22
13
18
7
17
7
7
15
24
9
30
4
37
12
34
22
29
32
40
4
30
40
2
11
31
4
33
32
29
9
4
8
4
7
1
7
21
17
3
29
9
33
6
33
2
5
39
11
31
40
3
2
30
36
3
32
13
19
22
33
29
6486
7
6
22
4
17
23
2
4
13
34
26
30
3
1
17
9
40
30
18
9
4
6
6
20
15
3
11
9
1152
35
35
