deletion	chr1:1-10000	10000	0	1.59373e-11	2.63066e-40	6.99048e-08	1.68911e-30	-1
duplication	chr1:10001-111000	101000	1.48841	0.000140663	1.9626e+09	1.10402e-07	1.97744e+09	1
deletion	chr1:208001-261000	53000	0.0393887	3.00703e-12	2.5918e-49	3.12495e-12	4.01751e-47	1
duplication	chr1:261001-288000	27000	1.71058	1.79005e-06	0.000662322	1.42937e-05	0.00571664	1
deletion	chr1:298001-348000	50000	0	3.18745e-12	1.85435e-236	3.32026e-12	1.19065e-226	1
deletion	chr1:435001-454000	19000	0.347745	2.16411e-09	5.69017e-15	1.47935e-07	1.77897e-12	1
deletion	chr1:536001-586000	50000	0	3.18745e-12	1.85435e-236	3.32026e-12	1.19065e-226	1
deletion	chr1:670001-686000	16000	0.425053	0.000352189	0.00156709	0.0098933	0.0534517	1
duplication	chr1:2652001-2700000	48000	3.19821	8.14017e-05	52.6882	5.85109e-05	110.678	1
deletion	chr1:2700001-2746000	46000	0.0402362	3.46462e-12	4.95214e-19	3.6221e-12	7.97793e-18	1
deletion	chr1:12954001-13077000	123000	0.35887	1.29571e-12	1.97354e-06	1.31713e-12	3.48173e-06	1
deletion	chr1:13151001-13224000	73000	0.599069	2.18319e-12	3680.02	2.24468e-12	5336.79	1
deletion	chr1:15594001-15610000	16000	0.563599	0.000319156	0.632782	0.00896884	10.1942	1
duplication	chr1:16533001-16751000	218000	2.40826	0	4.79146e+08	0	4.87081e+08	1
deletion	chr1:16799001-16849000	50000	0.00430434	3.18745e-12	1.13611e-157	3.32026e-12	1.19065e-226	1
duplication	chr1:16849001-16955000	106000	2.41144	0	1.61799e-36	0	6.05789e-40	1
deletion	chr1:103363001-103366000	3000	0.0573912	792.549	0.0145332	1	1	1
deletion	chr1:105473001-105480000	7000	0.0307453	0.00433152	1.46268e-15	0.000384982	6.35907e-15	1
deletion	chr1:109645001-109649000	4000	0.0753259	204.506	0.00594013	3514.59	0.991236	1
deletion	chr1:110834001-110846000	12000	0.50576	0.00131051	0.00999032	0.0641569	0.811562	1
deletion	chr1:120811001-120919000	108000	0.671158	1.47567e-12	2.8456e+09	1.50351e-12	2.84607e+09	1
deletion	chr1:121604001-121743000	139000	0.457065	1.14656e-12	275.747	1.1633e-12	347.922	1
deletion	chr1:121777001-122228000	451000	0.42905	3.53376e-13	2.82072e+09	3.5495e-13	2.82094e+09	1
duplication	chr1:122309001-122377000	68000	1.47803	0.000573685	1.40624e+09	0.000620746	1.43607e+09	1
duplication	chr1:122500001-122676000	176000	4.28685	0	2.56187e+09	0	2.56519e+09	1
duplication	chr1:122678001-122921000	243000	4.32338	0	2.64424e+09	0	2.64604e+09	1
duplication	chr1:122923001-123060000	137000	4.6801	0	1.4632e+09	0	1.47767e+09	1
duplication	chr1:123062001-123469000	407000	4.32866	0	2.00286e+09	0	2.00641e+09	1
duplication	chr1:123471001-123662000	191000	4.31977	0	2.82508e+09	0	2.82555e+09	1
duplication	chr1:123665001-125184000	1.519e+06	6.45209	2.39873e-08	2.81709e+09	4.27723e-08	2.81716e+09	1
deletion	chr1:125184001-143184000	1.8e+07	0.000216413	8.85403e-15	2.871e+09	8.85501e-15	0	1
duplication	chr1:143184001-143276000	92000	144.623	9.63545e-08	1.53202e-30	1.3065e-07	1.09401e-29	1
duplication	chr1:143510001-143540000	30000	1.36304	0.0257495	54.4985	0.0112988	178.304	1
duplication	chr1:146069001-146142000	73000	1.32019	4.83316e-05	6.19969e+08	0.000171912	6.46558e+08	1
duplication	chr1:148535001-148589000	54000	1.85166	1.06248e-10	547.113	8.88808e-10	970.43	1
duplication	chr1:149468001-149535000	67000	1.317	1.54682e-07	2.63211e+07	4.28967e-07	3.02783e+07	1
deletion	chr1:155690001-155695000	5000	0.0731737	41.4468	0.00215518	73.8606	5.58011e-06	1
duplication	chr1:161442001-161473000	31000	4.98401	3.17892e-07	4.70417e-113	1.02908e-06	3.38544e-105	1
deletion	chr1:196766001-196852000	86000	0.489743	1.85317e-12	2.908e-31	1.89729e-12	2.4757e-30	1
deletion	chr1:199141001-199145000	4000	0.0699455	215.361	0.00594013	6953.14	0.447136	1
deletion	chr1:223559001-223609000	50000	0.00215217	3.18745e-12	6.03647e-195	3.32026e-12	1.19065e-226	1
deletion	chr1:228559001-228608000	49000	0	3.2525e-12	1.48589e-231	3.3909e-12	9.54073e-222	1
duplication	chr1:228608001-228647000	39000	4.61833	3.5767e-06	5.3098e-234	6.62245e-06	1.52101e-301	1
duplication	chr1:248458001-248482000	24000	1.52266	3.26663e-05	121320	0.000455305	280828	1
deletion	chr1:248569001-248645000	76000	0.528414	2.09701e-12	88579.6	2.15368e-12	116422	1
deletion	chr2:1-12000	12000	0.0753259	0.000124837	1.85859e-11	0.000120923	2.32802e-14	1
deletion	chr2:16143001-16149000	6000	0.0502173	0.755141	8.54431e-09	0.985762	6.96379e-11	1
deletion	chr2:35356001-35391000	35000	0.448881	4.5535e-12	3.39243e-14	4.82947e-12	6.92875e-13	1
deletion	chr2:35751001-35772000	21000	0.472452	6.06374e-09	2.5453e-11	2.50274e-07	2.06767e-09	1
duplication	chr2:56493001-56521000	28000	1.4458	0.000206991	27.0035	0.000434976	101.1	1
deletion	chr2:88858001-88966000	108000	0.409111	1.47567e-12	4.82162e-74	1.50351e-12	1.6446e-72	1
deletion	chr2:89331001-89531000	200000	0.00107608	7.96863e-13	0	8.04912e-13	0	1
duplication	chr2:89531001-89567000	36000	1.36125	0.0196707	1.1517e+06	0.0931455	1.77846e+06	1
duplication	chr2:89569001-89686000	117000	1.73296	0	7.11045e-08	0	1.36698e-07	1
deletion	chr2:89686001-89754000	68000	0	2.34371e-12	0	2.41474e-12	0	1
duplication	chr2:90246001-90282000	36000	1.41565	0.00176483	3.32475e+06	0.00525972	4.84044e+06	1
duplication	chr2:90326001-90403000	77000	6.05123	0.0021307	4.49644e-07	0.00315448	1.15716e-06	1
deletion	chr2:90403001-91402000	999000	0	1.59532e-13	0	1.59852e-13	0	1
duplication	chr2:91402001-91477000	75000	2.5123	0	2.2665e-26	0	1.95626e-25	1
duplication	chr2:91479001-91672000	193000	1.94465	0	1.40762e+06	0	1.52329e+06	1
deletion	chr2:92082001-92188000	106000	0.23552	1.50351e-12	1.74763e-15	1.53243e-12	5.00435e-15	1
deletion	chr2:92979001-92994000	15000	0.52226	0.00704394	303.57	0.0101167	2584.41	1
deletion	chr2:93287001-93739000	452000	0.697836	3.52594e-13	2.871e+09	3.54161e-13	2.871e+09	1
deletion	chr2:93959001-94008000	49000	0.525305	1.63698e-08	2.65681e+09	1.31377e-07	2.66523e+09	1
deletion	chr2:94088001-94140000	52000	0.00703594	3.06486e-12	5.47045e-195	3.18745e-12	3.74462e-187	1
duplication	chr2:94191001-94293000	102000	1.83145	0	1.04316e-07	0	2.19129e-07	1
deletion	chr2:94293001-94496000	203000	0	7.85086e-13	0	7.92898e-13	0	1
duplication	chr2:95932001-95960000	28000	2.04149	0.00647368	1.0665e+08	0.0233861	1.3493e+08	1
deletion	chr2:97439001-97490000	51000	0.00843988	3.12495e-12	6.55652e-154	3.2525e-12	1.48589e-231	1
duplication	chr2:113575001-113602000	27000	2.18405	0.000293948	1.58261e-10	0.000917169	4.22613e-09	1
deletion	chr2:125686001-125694000	8000	0	6.99048e-08	1.68911e-30	0.000237575	1.08456e-20	1
deletion	chr2:125891001-125895000	4000	0.0860867	251.846	0.0194892	6953.14	0.447136	1
deletion	chr2:132021001-132047000	26000	0.509898	4.11917e-09	0.00232644	6.2899e-08	0.0198059	1
deletion	chr2:135341001-135344000	3000	0	73.8606	5.58011e-06	1	1	1
deletion	chr2:169465001-169469000	4000	0.102228	100.461	0.000503325	7106.05	2.16314	1
deletion	chr2:176401001-176407000	6000	0	0.000237575	1.08456e-20	0.985762	6.96379e-11	1
deletion	chr2:179201001-179217000	16000	0.0174864	9.96078e-12	5.41274e-59	1.13838e-11	1.58123e-50	1
deletion	chr2:202431001-202448000	17000	0.484871	3.86619e-08	6.91844e-10	1.48206e-07	8.13896e-09	1
deletion	chr2:242184001-242194000	10000	0	1.59373e-11	2.63066e-40	6.99048e-08	1.68911e-30	1
deletion	chr3:1-10000	10000	0	1.59373e-11	2.63066e-40	6.99048e-08	1.68911e-30	-1
deletion	chr3:1872001-1884000	12000	0.222391	0.00508906	3.25543e-08	0.0954974	2.17193e-05	1
deletion	chr3:46754001-46810000	56000	0.588003	2.84594e-12	0.218011	2.95134e-12	0.501062	1
deletion	chr3:75520001-75544000	24000	0.59633	1.18347e-05	9446.25	0.000149613	27049.4	1
duplication	chr3:90518001-90677000	159000	1.42747	1.80422e-11	2.86531e+09	2.84231e-11	2.86538e+09	1
deletion	chr3:90711001-90773000	62000	0.144751	2.57052e-12	2.41255e+09	2.65621e-12	2.42613e+09	1
deletion	chr3:91219001-91278000	59000	0.408547	1.45812e-08	2.871e+09	7.0205e-08	2.871e+09	1
deletion	chr3:93649001-93706000	57000	0.0913728	2.79601e-12	1.05649e+07	2.89768e-12	1.2861e+07	1
deletion	chr3:162791001-162910000	119000	0.439476	1.33926e-12	3.97295e-25	1.36216e-12	1.47289e-24	1
deletion	chr3:163047001-163051000	4000	0.0215217	5.46279	3.36418e-08	6953.14	0.447136	1
duplication	chr3:195943001-195997000	54000	1.68826	1.18054e-11	7.01695e+08	9.80754e-11	7.39283e+08	1
deletion	chr3:198236001-198296000	60000	0	2.65621e-12	1.69911e-285	2.7478e-12	1.09098e-275	1
deletion	chr4:1-12000	12000	0.0950541	0.0331093	2.47254e+06	1.07071	8.016e+06	1
duplication	chr4:13001-69000	56000	2.64563	0	1.77025e-17	0	1.52794e-16	1
deletion	chr4:127001-133000	6000	0.0215217	0.00220024	1.1516e-16	0.661458	1.62981e-09	1
deletion	chr4:1427001-1441000	14000	0.37048	5699.31	2.871e+09	14247.6	2.871e+09	1
deletion	chr4:8797001-8816000	19000	0.0192562	8.38803e-12	2.4252e-37	9.37485e-12	1.24019e-74	1
duplication	chr4:8949001-9156000	207000	1.50101	0	4.99116e-17	0	8.85297e-17	1
deletion	chr4:9156001-9213000	57000	0.576555	2.79601e-12	0.143805	2.89768e-12	0.33051	1
duplication	chr4:9213001-9273000	60000	4.22076	0	1.5648e-123	0	4.01093e-119	1
deletion	chr4:9273001-9323000	50000	0.00172173	3.18745e-12	6.58578e-203	3.32026e-12	1.19065e-226	1
duplication	chr4:9323001-9456000	133000	2.29813	0	1.0287e-05	0	1.69636e-05	1
deletion	chr4:10210001-10233000	23000	0.569857	1.23652e-07	0.0577891	1.80492e-06	0.491982	1
deletion	chr4:31815001-31833000	18000	0.0143478	8.85403e-12	1.85285e-67	9.96078e-12	5.41274e-59	1
deletion	chr4:32832001-32840000	8000	0.0161413	9.45203e-06	1.30765e-22	0.000237575	1.08456e-20	1
deletion	chr4:42761001-42767000	6000	0	0.000237575	1.08456e-20	0.985762	6.96379e-11	1
duplication	chr4:49091001-49337000	246000	24.5149	1.98611e-07	6.44492e-48	2.96394e-07	1.86113e-47	1
deletion	chr4:49337001-49487000	150000	0.000430434	1.06248e-12	0	1.07684e-12	0	1
duplication	chr4:49551001-49594000	43000	2.66218	0	2.1503e-11	0	1.85597e-10	1
deletion	chr4:49659001-49708000	49000	0	3.2525e-12	1.48589e-231	3.3909e-12	9.54073e-222	1
deletion	chr4:49891001-49901000	10000	0.25826	0.0796888	4.30518e-08	1.50791	9.9724e-05	1
deletion	chr4:49946001-49955000	9000	0.188913	0.0579258	9.25491e-05	2.85396	0.092155	1
deletion	chr4:49976001-49983000	7000	0.187546	1.04107	7.03122e-06	22.6216	0.000547083	1
deletion	chr4:50029001-50042000	13000	0.304615	0.0437507	224650	0.728545	962231	1
deletion	chr4:50150001-50163000	13000	0.264882	0.00425744	1.72364	0.134363	45.2015	1
deletion	chr4:50182001-50190000	8000	0.282472	0.366319	1.68839e-05	7.09781	0.0153981	1
deletion	chr4:50216001-50221000	5000	0.180782	100.022	0.0298671	4360.29	28.7678	1
deletion	chr4:50374001-50379000	5000	0.12913	6.4944	1.55277e-06	259.551	0.0407037	1
deletion	chr4:50463001-50488000	25000	0.488112	0.0168183	2.75526e+07	0.0462473	3.99569e+07	1
deletion	chr4:50633001-50637000	4000	0.199076	44.73	0.00594013	30547.2	4129.66	1
deletion	chr4:51026001-51030000	4000	0.107608	9.06971	9.85145e-06	3849.58	20.4618	1
deletion	chr4:51742001-51794000	52000	0.0182107	3.06486e-12	9.10724e-84	3.18745e-12	3.28872e-80	1
duplication	chr4:51794001-51815000	21000	4.94794	0.0105106	2.62191e-87	0.0254523	3.67476e-78	1
deletion	chr4:58877001-58923000	46000	0.00187145	3.46462e-12	5.62032e-186	3.6221e-12	4.90876e-207	1
deletion	chr4:63201001-63204000	3000	0.0502173	345.41	0.00172742	1	1	1
deletion	chr4:68508001-68626000	118000	0.518527	1.35061e-12	8.15868e-06	1.3739e-12	1.43936e-05	1
deletion	chr4:69392001-69411000	19000	0.451955	4.5287e-08	9.55721e-05	2.35479e-06	0.00250632	1
duplication	chr4:131734001-131766000	32000	2.60278	3.92059e-06	5.62855e-22	4.30648e-06	4.6733e-20	1
deletion	chr4:150955001-150965000	10000	0.0408912	0.000199459	3.10708e-13	6.99048e-08	1.68911e-30	1
deletion	chr4:171453001-171458000	5000	0.0989998	29.2922	0.000133708	1178.18	0.0407037	1
deletion	chr4:189669001-189705000	36000	0.652824	2.07884e-07	896.614	1.14739e-06	2060.72	1
duplication	chr4:190067001-190093000	26000	2.52135	0.000777108	15.3205	0.00478552	66.3192	1
duplication	chr4:190095001-190124000	29000	3.25868	0.000256933	2.86996e+09	0.000794748	2.87003e+09	1
deletion	chr4:190124001-190173000	49000	0	3.2525e-12	1.48589e-231	3.3909e-12	9.54073e-222	1
deletion	chr4:190205001-190215000	10000	0	1.59373e-11	2.63066e-40	6.99048e-08	1.68911e-30	1
deletion	chr5:1-10000	10000	0	1.59373e-11	2.63066e-40	6.99048e-08	1.68911e-30	-1
duplication	chr5:714001-809000	95000	1.794	0	51.2308	0	74.5861	1
deletion	chr5:8111001-8123000	12000	0.414292	0.00359201	3.07451e-06	0.0559182	2.17193e-05	1
duplication	chr5:17517001-17531000	14000	8.81774	0.0364395	0	0.0684708	0	1
deletion	chr5:17531001-17581000	50000	0.0189391	3.18745e-12	1.50799e-10	3.32026e-12	1.19065e-226	1
duplication	chr5:17581001-17600000	19000	6.36476	0.00090965	7.072e-69	0.00732076	1.04438e-60	1
duplication	chr5:21478001-21497000	19000	3.88183	2.32466e-05	3.40143e-146	1.60354e-05	6.91354e-130	1
deletion	chr5:24570001-24578000	8000	0.390081	0.0252913	1.68839e-05	1.83961	0.0609695	1
deletion	chr5:26797001-26803000	6000	0.125543	17.7815	0.000859641	340.723	0.06202	1
duplication	chr5:34177001-34197000	20000	5.09418	5.20973e-05	6.98707e-08	5.8908e-06	6.96931e-130	1
deletion	chr5:46436001-46559000	123000	0.3258	1.29571e-12	2.81243e+09	1.31713e-12	2.81338e+09	1
deletion	chr5:46939001-46950000	11000	0.688694	0.00139334	2.33412	0.0323732	104.914	1
deletion	chr5:47067001-47107000	40000	0.559564	5.09843e-05	1168.73	0.000280173	2439.1	1
duplication	chr5:47166001-47193000	27000	2.18007	0.0100107	52.2498	0.0451143	195.62	1
deletion	chr5:47298001-47307000	9000	0.155434	0.340923	9.25491e-05	3.70028	0.092155	1
deletion	chr5:47310001-49599000	2.289e+06	0.000770982	6.96254e-14	5.03248e-176	6.96863e-14	7.29813e-176	1
deletion	chr5:49604001-49612000	8000	0.174864	3.30315	0.000555571	78.7406	0.83765	1
deletion	chr5:49634001-49642000	8000	0	6.99048e-08	1.68911e-30	0.000237575	1.08456e-20	1
deletion	chr5:49662001-49666000	4000	0	0.985762	6.96379e-11	6953.14	0.447136	1
duplication	chr5:49745001-49784000	39000	2.161	0.0411642	2.81886e+09	0.102447	2.82151e+09	1
duplication	chr5:49978001-50060000	82000	2.76291	3.88713e-12	52.6157	7.96863e-12	81.2495	1
deletion	chr5:50060001-50109000	49000	0	3.2525e-12	1.48589e-231	3.3909e-12	9.54073e-222	1
duplication	chr5:50118001-50145000	27000	1.73608	8.07897e-06	0.0946198	5.32428e-05	0.565497	1
deletion	chr5:58028001-58038000	10000	0.00430434	1.59373e-11	6.97097e-37	6.99048e-08	1.68911e-30	1
deletion	chr5:69658001-69766000	108000	0.675343	1.47567e-12	0.00694448	1.50351e-12	0.0113961	1
deletion	chr5:69823001-69895000	72000	0.654618	2.21351e-12	4431.65	2.27675e-12	6426.8	1
deletion	chr5:69916001-69982000	66000	0.714781	1.21927e-07	2.75353e+09	2.65243e-07	2.75701e+09	1
deletion	chr5:70123001-70159000	36000	0.710813	0.000146187	1.2459e+06	0.000972584	1.91555e+06	1
deletion	chr5:70162001-70200000	38000	0.668871	3.76413e-08	390.115	1.63653e-07	896.614	1
deletion	chr5:70239001-70411000	172000	0.693949	9.26584e-13	2.47383e+09	9.37485e-13	2.47811e+09	1
deletion	chr5:70549001-70683000	134000	0.684358	1.18935e-12	31.9858	1.20737e-12	42.0398	1
deletion	chr5:70694001-70771000	77000	0.648446	2.06977e-12	0.00143439	2.12497e-12	0.00299353	1
duplication	chr5:70771001-70791000	20000	1.83257	0.00053304	0.0197808	0.00640863	0.258478	1
deletion	chr5:70791001-70863000	72000	0.729944	5.01957e-08	2.63813e+09	1.98296e-07	2.64434e+09	1
duplication	chr5:71201001-71226000	25000	1.59519	0.000618497	0.00571664	0.00469123	0.0493415	1
deletion	chr5:71238001-71337000	99000	0.701303	1.60982e-12	28836.4	1.64302e-12	36384.2	1
deletion	chr5:92343001-92347000	4000	0.0538042	3.9249	3.36418e-08	14528	9.8278	1
duplication	chr5:175915001-175933000	18000	1.82815	0.00122259	19864	0.0149119	74369.9	1
deletion	chr5:177765001-177809000	44000	0.638314	1.92893e-05	1860.82	6.82056e-05	3556.25	1
deletion	chr5:177897001-177925000	28000	0.524207	9.71124e-06	1.57768e+07	2.59181e-05	2.28796e+07	1
deletion	chr5:181269001-181411000	142000	0.683086	1.12234e-12	2.29324e+09	1.13838e-12	2.30051e+09	1
deletion	chr5:181478001-181539000	61000	0.00635066	2.61266e-12	4.00539e-132	2.70123e-12	1.36151e-280	1
deletion	chr6:1-60000	60000	0	2.65621e-12	1.69911e-285	2.7478e-12	1.09098e-275	-1
duplication	chr6:257001-383000	126000	2.20939	0	3.48172e-40	0	2.08086e-39	1
duplication	chr6:26739001-26763000	24000	1.91095	6.65606e-05	2.18387e-08	0.000308751	5.83168e-07	1
deletion	chr6:29876001-29881000	5000	0	0.0147734	8.69058e-16	73.8606	5.58011e-06	1
deletion	chr6:31269001-31272000	3000	0.100435	81.1306	0.00506939	1	1	1
deletion	chr6:32487001-32550000	63000	0.33649	2.52972e-12	1.56812e+07	2.61266e-12	1.85016e+07	1
duplication	chr6:57792001-57822000	30000	1.47065	0.000939288	1.58341e+06	0.00437633	2.6111e+06	1
deletion	chr6:58454001-58554000	100000	0	1.59373e-12	0	1.62625e-12	0	1
deletion	chr6:59830001-60230000	400000	0.00037663	3.98431e-13	0	4.00433e-13	0	1
deletion	chr6:61328001-61363000	35000	0.397229	4.5535e-12	2.17557e-22	4.82947e-12	1.30583e-20	1
deletion	chr6:61426001-61473000	47000	0.476682	3.3909e-12	3.36231e-11	3.54161e-12	2.37019e-10	1
deletion	chr6:61482001-61493000	11000	0.473477	0.0282722	0.475683	1.26593	28.5515	1
deletion	chr6:64637001-64640000	3000	0.0789129	714.377	0.0145332	1	1	1
deletion	chr6:78171001-78189000	18000	0.426847	1.58664e-08	1.08246e-09	6.38486e-08	1.60553e-12	1
deletion	chr6:95020001-95071000	51000	0.00548592	3.12495e-12	3.04792e-140	3.2525e-12	1.48589e-231	1
duplication	chr6:160613001-160647000	34000	1.96164	1.70622e-09	3.04083e-10	2.57885e-08	3.97348e-09	1
deletion	chr6:167592001-167642000	50000	0.00903911	3.18745e-12	2.48779e-90	3.32026e-12	1.19065e-226	1
deletion	chr6:170746001-170806000	60000	0	2.65621e-12	1.69911e-285	2.7478e-12	1.09098e-275	1
deletion	chr7:1-10000	10000	0	1.59373e-11	2.63066e-40	6.99048e-08	1.68911e-30	-1
deletion	chr7:51527001-51531000	4000	0	0.985762	6.96379e-11	6953.14	0.447136	1
deletion	chr7:56367001-56370000	3000	0.0215217	51.4339	5.9376e-05	1	1	1
deletion	chr7:56694001-56702000	8000	0.037663	0.00405703	1.32299e-13	0.000237575	1.08456e-20	1
deletion	chr7:56994001-57009000	15000	0.235304	1.22825e-06	1.91256e-19	3.95963e-05	1.09263e-15	1
duplication	chr7:58033001-58068000	35000	1.5883	0.0212963	0.26593	0.0900662	0.995626	1
deletion	chr7:58120001-58181000	61000	0.0804417	2.61266e-12	5.98661e+08	2.70123e-12	6.30237e+08	1
deletion	chr7:58504001-58606000	102000	0.576022	1.56248e-12	2.871e+09	1.59373e-12	2.871e+09	1
deletion	chr7:58618001-58627000	9000	0.468695	0.114242	0.0169957	7.86167	5.31353	1
deletion	chr7:58717001-58750000	33000	0.498912	3.54969e-05	2.86929e+09	0.000264435	2.86939e+09	1
deletion	chr7:58821001-59039000	218000	0.674478	1.46213e-12	2.871e+09	2.95134e-12	2.871e+09	1
deletion	chr7:59111001-59144000	33000	0.491738	1.56167e-05	1.45133e+09	2.82441e-05	1.51259e+09	1
deletion	chr7:59253001-59261000	8000	0.333586	1.34921	0.00292042	24.8458	0.0609695	1
deletion	chr7:59329001-59360000	31000	0.563729	0.0302177	4.83674e+08	0.0183714	5.42569e+08	1
deletion	chr7:59434001-59496000	62000	0.623435	5.01766e-08	2.86087e+09	3.15903e-07	2.8612e+09	1
deletion	chr7:59581001-59650000	69000	0.594186	4.21737e-08	2.87093e+09	1.57432e-07	2.87093e+09	1
deletion	chr7:59762001-59839000	77000	0.656272	0.0443924	2.871e+09	0.0695329	2.871e+09	1
deletion	chr7:60111001-60180000	69000	0.577343	3.28232e-05	2.871e+09	0.000112475	2.871e+09	1
deletion	chr7:60244001-60282000	38000	0.582785	0.000469708	2.74565e+09	0.00322265	2.75211e+09	1
deletion	chr7:60423001-60515000	92000	0.688226	7.28407e-05	2.871e+09	7.51159e-05	2.871e+09	1
duplication	chr7:60746001-60828000	82000	1.65927	3.16102e-08	2.85119e+09	6.57093e-08	2.85167e+09	1
deletion	chr7:60828001-60912000	84000	0.199844	1.89729e-12	0.126753	1.94357e-12	0.223619	1
duplication	chr7:60912001-60936000	24000	1.60337	0.0436492	1.38247	0.182754	8.26233	1
duplication	chr7:61043001-61073000	30000	1.72676	0.0342962	2.25689e+07	0.0647246	3.11754e+07	1
deletion	chr7:61117001-61283000	166000	0.466476	9.60075e-13	8.97323e-07	9.71784e-13	1.37961e-06	1
deletion	chr7:61327001-61378000	51000	0.00886187	3.12495e-12	2.59759e-92	3.2525e-12	1.48589e-231	1
deletion	chr7:61447001-61666000	219000	0.434561	7.27728e-13	2.86765e+09	7.34436e-13	2.86768e+09	1
deletion	chr7:61976001-62069000	93000	0.204109	1.71368e-12	7.37048e-43	1.75135e-12	9.48352e-42	1
duplication	chr7:62334001-62374000	40000	1.53826	0.0093439	4.48749e+06	0.01441	6.19877e+06	1
deletion	chr7:62457001-62507000	50000	0.00215217	3.18745e-12	6.03647e-195	3.32026e-12	1.19065e-226	1
deletion	chr7:62510001-62516000	6000	0.0932606	2.32866	1.56335e-06	0.590113	1.62981e-09	1
duplication	chr7:63544001-63584000	40000	1.30583	0.0299094	2.6006e+07	0.0170683	3.29019e+07	1
duplication	chr7:65090001-65107000	17000	1.55716	6.12695e-05	0.000228272	0.00188609	0.00793561	1
deletion	chr7:65226001-65229000	3000	0.0143478	67.5805	5.9376e-05	1	1	1
duplication	chr7:65784001-65823000	39000	1.8619	1.63459e-11	1.60192e-09	2.41212e-10	1.38265e-08	1
deletion	chr7:74414001-74417000	3000	0.0286956	121.765	0.000186958	1	1	1
deletion	chr7:76515001-76534000	19000	0.336418	2.11954e-06	5.71847e-07	6.06525e-05	2.57034e-05	1
deletion	chr7:79842001-79852000	10000	0.389543	0.0592536	0.0320814	2.88761	4.9729	1
deletion	chr7:100730001-100744000	14000	0.110683	1.9336e-05	2.95804e-12	3.93243e-05	8.25847e-14	1
duplication	chr7:102482001-102687000	205000	2.75446	0	1.24714e-28	0	2.88684e-28	1
duplication	chr7:142747001-142779000	32000	1.54015	1.71369e-06	16.6574	5.56151e-06	54.4985	1
deletion	chr7:143609001-143701000	92000	0.320486	1.73231e-12	7.32578	1.77081e-12	11.2632	1
duplication	chr7:144249001-144285000	36000	1.28771	0.00391556	3.32475e+06	0.0163453	4.84044e+06	1
deletion	chr7:152878001-152883000	5000	0.00860867	0.00626548	4.47366e-14	67.5805	5.9376e-05	1
deletion	chr7:159336001-159346000	10000	0	1.59373e-11	2.63066e-40	6.99048e-08	1.68911e-30	1
deletion	chr8:1-60000	60000	0	2.65621e-12	1.69911e-285	2.7478e-12	1.09098e-275	-1
deletion	chr8:644001-649000	5000	0.0774781	52.8457	0.00817541	73.8606	5.58011e-06	1
deletion	chr8:1393001-1407000	14000	0.212142	1.20806e-06	2.95804e-12	9.24985e-05	2.94545e-09	1
deletion	chr8:2302001-2321000	19000	0.254862	4.19401e-11	6.52214e-29	4.40618e-10	5.98245e-25	1
deletion	chr8:2405001-2418000	13000	0.211906	5.40436e-06	5.03334e-17	0.000217242	4.61684e-13	1
duplication	chr8:6972001-7021000	49000	2.24221	0	1.15402e-41	0	1.31579e-39	1
deletion	chr8:7160001-7399000	239000	0.580095	6.66831e-13	6.17207e+06	6.72458e-13	6.49762e+06	1
deletion	chr8:7617001-7766000	149000	0.4287	1.06961e-12	2.44322e+06	1.08417e-12	2.6864e+06	1
deletion	chr8:7946001-8017000	71000	0.709609	6.73405e-12	9.88812e+07	6.92924e-12	1.08723e+08	1
deletion	chr8:8069001-8130000	61000	0.568031	2.61266e-12	688024	2.70123e-12	904286	1
duplication	chr8:8130001-8196000	66000	1.62945	0	1701.21	0	2627.02	1
deletion	chr8:12038001-12170000	132000	0.53527	1.20737e-12	7.81714e-10	1.22594e-12	1.49395e-09	1
deletion	chr8:12227001-12368000	141000	0.431502	1.1303e-12	167610	1.14656e-12	192466	1
duplication	chr8:12368001-12393000	25000	1.47467	0.0142609	812294	0.0955051	1.56163e+06	1
deletion	chr8:12393001-12458000	65000	0.712864	5.27842e-08	16276.8	2.04427e-08	49.1731	1
duplication	chr8:12485001-12602000	117000	2.31294	0	793618	0	912933	1
deletion	chr8:25115001-25133000	18000	0.390977	5.18846e-09	2.9834e-18	3.97037e-08	2.97069e-15	1
deletion	chr8:32822001-32833000	11000	0.0195652	2.26019e-09	4.79256e-31	3.54161e-11	2.53961e-32	1
deletion	chr8:43984001-44039000	55000	0.0442173	2.89768e-12	1.21413e-08	3.00703e-12	5.20042e-08	1
deletion	chr8:45878001-45927000	49000	0	3.2525e-12	1.48589e-231	3.3909e-12	9.54073e-222	1
deletion	chr8:74399001-74418000	19000	0.0396452	8.38803e-12	2.7779e-49	9.37485e-12	7.19881e-58	1
deletion	chr8:74450001-74455000	5000	0.0989998	22.1998	1.55277e-06	73.8606	5.58011e-06	1
duplication	chr8:85643001-85664000	21000	9.26355	6.02457e-05	2742.04	0.000797706	10266	1
deletion	chr8:85664001-85714000	50000	0.0133434	3.18745e-12	5.0019e-46	3.32026e-12	1.19065e-226	1
duplication	chr8:85714001-85830000	116000	7.5235	0	1.36159e-127	0	0	1
deletion	chr8:143617001-143632000	15000	0.529433	0.000113582	1.27354e-06	0.00185292	0.000141933	1
deletion	chr8:145076001-145139000	63000	0.00341614	2.52972e-12	4.38168e-219	2.61266e-12	7.4801e-212	1
deletion	chr9:1-10000	10000	0	1.59373e-11	2.63066e-40	6.99048e-08	1.68911e-30	-1
duplication	chr9:38925001-39018000	93000	1.75066	0	51068.2	0	64609.9	1
duplication	chr9:39024001-39070000	46000	2.04784	6.92924e-11	131163	5.21583e-10	202543	1
deletion	chr9:39150001-39446000	296000	0.550184	5.38421e-13	238960	5.42083e-13	254619	1
duplication	chr9:39798001-39824000	26000	1.7267	9.31051e-05	0.231316	0.00023479	1.38247	1
deletion	chr9:39824001-39868000	44000	0.686737	3.57408e-06	3.79338e+07	2.32169e-05	4.61781e+07	1
duplication	chr9:40279001-40415000	136000	1.33545	0	1.9454e+09	0	1.95657e+09	1
deletion	chr9:40496001-40577000	81000	0.562487	1.96756e-12	2.72751e+09	2.01737e-12	2.73096e+09	1
deletion	chr9:40611001-40692000	81000	0.670892	1.96756e-12	0.0116381	2.01737e-12	0.0222418	1
duplication	chr9:40867001-41117000	250000	2.15269	0	8.17082e-71	0	3.53698e-70	1
deletion	chr9:41226001-41229000	3000	0	73.8606	5.58011e-06	1	1	1
duplication	chr9:41240001-41314000	74000	1.86715	0	1.61216e+07	8.85403e-12	1.85454e+07	1
duplication	chr9:41455001-41719000	264000	1.40535	0	85306.9	0	92316.6	1
duplication	chr9:41826001-41846000	20000	1.52051	0.0188946	261.672	0.150839	1323.69	1
deletion	chr9:41969001-42198000	229000	0.312769	6.9595e-13	1.43651e-79	7.02082e-13	8.48191e-79	1
duplication	chr9:42232001-42509000	277000	1.48958	0	0.242913	0	0.287195	1
deletion	chr9:43005001-43031000	26000	0.567841	9.13327e-10	0.00232644	1.17205e-08	0.0198059	1
deletion	chr9:43222001-43237000	15000	0.0243912	1.06248e-11	4.38674e-35	1.22594e-11	5.11298e-55	1
deletion	chr9:43271001-43317000	46000	0.49032	3.46462e-12	2.39129e-07	3.6221e-12	1.19601e-06	1
deletion	chr9:43349001-43385000	36000	0.258858	4.42701e-12	6.83333e-59	4.68743e-12	3.9038e-55	1
duplication	chr9:43553001-43627000	74000	1.599	0.00484669	1.99488e+09	0.0195187	2.0146e+09	1
deletion	chr9:45003001-45015000	12000	0.489618	0.00629109	0.000206965	0.0832918	0.0320814	1
deletion	chr9:45028001-45340000	312000	0.736704	5.10809e-13	2.871e+09	5.14105e-13	2.871e+09	1
deletion	chr9:45519001-60519000	1.5e+07	4.59129e-05	1.06248e-14	0	1.06263e-14	0	1
duplication	chr9:60606001-60644000	38000	2.35946	0.000382264	6.54169e+07	0.000610459	7.98232e+07	1
deletion	chr9:60688001-60738000	50000	0.0103304	3.18745e-12	2.17683e-75	3.32026e-12	1.19065e-226	1
deletion	chr9:60779001-61054000	275000	0.409851	5.79536e-13	15.8765	5.83782e-13	18.2309	1
duplication	chr9:61139001-61189000	50000	1.40752	6.72219e-06	892271	2.52527e-05	1.23253e+06	1
deletion	chr9:61232001-61664000	432000	0.439252	3.68918e-13	9.82786e-38	3.70634e-13	1.61279e-37	1
deletion	chr9:61735001-61785000	50000	0.00903911	3.18745e-12	2.48779e-90	3.32026e-12	1.19065e-226	1
deletion	chr9:62150001-62269000	119000	0.118098	1.33926e-12	1.16021e-21	1.36216e-12	3.76142e-21	1
deletion	chr9:62749001-62799000	50000	0.00989998	3.18745e-12	3.28872e-80	3.32026e-12	1.19065e-226	1
duplication	chr9:62799001-62884000	85000	2.98113	0	3.20501e-119	0	3.2845e-116	1
duplication	chr9:62899001-62930000	31000	1.66064	7.93858e-06	4.34731e-10	3.24575e-05	7.11872e-09	1
deletion	chr9:62930001-63280000	350000	0.471202	4.5535e-13	43057.9	4.57967e-13	45879.5	1
deletion	chr9:63384001-63542000	158000	0.467484	1.00869e-12	0.000507095	1.02162e-12	0.000735393	1
duplication	chr9:63762001-63889000	127000	2.09947	3.56392e-10	5.28976e+08	5.91591e-10	5.43256e+08	1
deletion	chr9:63919001-63968000	49000	0	3.2525e-12	1.48589e-231	3.3909e-12	9.54073e-222	1
deletion	chr9:64135001-64315000	180000	0.0719781	8.85403e-13	5.17673e-140	8.95351e-13	2.32684e-138	1
deletion	chr9:64553001-64776000	223000	0.53505	7.14675e-13	2.85748e+07	7.21143e-13	2.9781e+07	1
deletion	chr9:64998001-65048000	50000	0.000860867	3.18745e-12	2.42288e-219	3.32026e-12	1.19065e-226	1
deletion	chr9:65080001-65281000	201000	0.457952	7.92898e-13	1.63337e+09	8.00867e-13	1.64256e+09	1
deletion	chr9:65325001-65375000	50000	0	3.18745e-12	1.85435e-236	3.32026e-12	1.19065e-226	1
deletion	chr9:65584001-65645000	61000	0.0987881	2.61266e-12	1.12293e-41	2.70123e-12	5.04734e-40	1
duplication	chr9:65645001-65746000	101000	1.36609	4.5792e-09	3.44388e+08	1.42437e-08	3.59157e+08	1
duplication	chr9:65965001-66092000	127000	1.59193	0	1.76597e+06	0	1.98404e+06	1
duplication	chr9:66154001-66269000	115000	1.38207	5.54339e-12	2.56677e+08	2.2566e-11	2.67685e+08	1
deletion	chr9:66392001-66591000	199000	0	8.00867e-13	0	8.08998e-13	0	1
duplication	chr9:67378001-67439000	61000	1.88403	0	2.66378e-28	0	4.36194e-27	1
deletion	chr9:67921001-68221000	300000	0.00100435	5.31242e-13	0	5.34807e-13	0	1
deletion	chr9:70701001-70738000	37000	0.539787	4.30737e-12	8.56575e-12	4.5535e-12	1.10215e-10	1
deletion	chr9:85826001-85830000	4000	0.177554	267.636	0.00594013	52320.4	4129.66	1
deletion	chr9:85832001-85835000	3000	0.0143478	67.5805	5.9376e-05	1	1	1
duplication	chr9:113061001-113087000	26000	2.45927	0.000552686	13219.8	0.00297247	34021.1	1
deletion	chr9:135322001-135326000	4000	0.12913	189.605	0.000503325	7106.05	2.16314	1
deletion	chr9:138335001-138395000	60000	0	2.65621e-12	1.69911e-285	2.7478e-12	1.09098e-275	1
duplication	chr10:37168001-37189000	21000	2.05071	1.27043e-08	1.46481e-37	4.60788e-07	3.75464e-33	1
duplication	chr10:38484001-38530000	46000	5.64851	0.00753647	3.3966e-103	0.0175711	2.4971e-98	1
deletion	chr10:38530001-38573000	43000	0	3.70634e-12	3.93341e-202	3.88713e-12	2.52559e-192	1
duplication	chr10:38783001-38847000	64000	2.59101	0	6.42511e-37	1.54231e-11	1.71573e-35	1
deletion	chr10:38906001-38911000	5000	0	0.0147734	8.69058e-16	73.8606	5.58011e-06	1
deletion	chr10:38914001-38918000	4000	0	0.985762	6.96379e-11	6953.14	0.447136	1
deletion	chr10:39578001-39953000	375000	0.168099	4.24993e-13	2.871e+09	4.27272e-13	2.871e+09	1
deletion	chr10:39955001-39960000	5000	0.189391	31.884	0.00817541	5580.94	339.406	1
deletion	chr10:40006001-40065000	59000	0.30714	0.000222149	2.871e+09	0.000843701	2.871e+09	1
deletion	chr10:40088001-40097000	9000	0.0669564	5.14008e-06	8.18153e-24	0.000745024	1.26317e-17	1
deletion	chr10:40108001-40127000	19000	0.0758923	8.38803e-12	9.07621e-47	9.37485e-12	6.30991e-41	1
deletion	chr10:40150001-40185000	35000	0.436583	627.162	2.871e+09	929.409	2.871e+09	1
deletion	chr10:40208001-40216000	8000	0.0726357	3.25629e-05	2.1689e-21	0.0358421	7.35678e-14	1
deletion	chr10:40229001-40262000	33000	0.358043	23.5605	2.871e+09	62.6614	2.871e+09	1
deletion	chr10:40270001-40277000	7000	0.058416	0.000164491	1.0819e-18	0.0555287	1.9683e-12	1
deletion	chr10:40281001-40284000	3000	0.0932606	139.715	0.00506939	1	1	1
deletion	chr10:40291001-40364000	73000	0.553668	33.9304	2.871e+09	59.7495	2.871e+09	1
deletion	chr10:40380001-40387000	7000	0.0338198	1.3155e-05	4.89809e-22	0.0319939	3.02612e-13	1
deletion	chr10:40401001-40408000	7000	0.0184472	4.2108e-06	4.89809e-22	0.000881305	6.35907e-15	1
deletion	chr10:40416001-40421000	5000	0.0860867	1.21708	4.28462e-10	214.983	0.000575	1
deletion	chr10:40443001-40453000	10000	0.107608	0.000512615	1.61784e-15	0.0709589	1.14487e-10	1
deletion	chr10:40457001-40461000	4000	0.037663	9.46423	1.45832e-07	7106.05	2.16314	1
deletion	chr10:40468001-40476000	8000	0.0349727	1.87322e-07	1.97059e-26	4.62415e-05	1.21746e-17	1
deletion	chr10:40498001-40502000	4000	0.037663	30.6884	2.49538e-06	6953.14	0.447136	1
deletion	chr10:40519001-40537000	18000	0.223586	0.0197181	2.56479e+09	0.254437	2.59714e+09	1
deletion	chr10:40559001-40575000	16000	0.118369	1.25376e-07	1.60553e-12	1.72136e-06	7.28067e-10	1
duplication	chr10:40575001-40613000	38000	2.91109	0.0200879	2.86964e+09	0.109297	2.86971e+09	1
deletion	chr10:40628001-40632000	4000	0.0484238	17.5654	6.12722e-07	6953.14	0.447136	1
deletion	chr10:40689001-40705000	16000	0.176209	1.89004e-05	8.61362e-09	7.06558e-05	1.33519e-06	1
deletion	chr10:40741001-40745000	4000	0.0807063	29.6187	9.85145e-06	15963	168.177	1
deletion	chr10:40776001-40781000	5000	0.0344347	0.0852069	1.9683e-12	67.5805	5.9376e-05	1
deletion	chr10:40884001-40892000	8000	0.274402	3.0347	9.9724e-05	55.2916	0.230998	1
deletion	chr10:40907001-40911000	4000	0.0860867	53.3845	0.000139902	31887.1	633.766	1
deletion	chr10:41252001-41255000	3000	0.114782	83.7812	0.00506939	1	1	1
deletion	chr10:41323001-41326000	3000	0.0286956	278.183	0.000575	1	1	1
deletion	chr10:41590001-41699000	109000	0.0236936	1.46213e-12	1.14558e-154	1.48946e-12	1.1407e-151	1
duplication	chr10:41843001-41917000	74000	44.4452	1.73156e-08	0	2.48356e-08	0	1
deletion	chr10:41917001-42066000	149000	0	1.06961e-12	0	1.08417e-12	0	1
duplication	chr10:42066001-42105000	39000	10.7388	0.000931174	1.89222e-121	0.00235128	8.97272e-115	1
duplication	chr10:46155001-46887000	732000	1.50937	0	2.69047e+07	0	2.72502e+07	1
deletion	chr10:47781001-47870000	89000	0	1.7907e-12	0	1.83187e-12	0	1
duplication	chr10:47880001-47922000	42000	1.38149	0.00310774	4.39351e+07	0.00539241	5.36106e+07	1
deletion	chr10:98929001-98942000	13000	0.543009	0.00496577	176.381	0.129885	2269.48	1
deletion	chr10:131592001-131600000	8000	0.344347	0.00958139	5.75102e-08	0.932052	4.01241e-05	1
deletion	chr10:133691001-133741000	50000	0.0142043	3.18745e-12	5.18173e-39	3.32026e-12	1.19065e-226	1
deletion	chr10:133788001-133798000	10000	0	1.59373e-11	2.63066e-40	6.99048e-08	1.68911e-30	1
deletion	chr11:1-67000	67000	0.0780563	2.37869e-12	1.04778e-31	2.45188e-12	4.36357e-41	1
deletion	chr11:1945001-2043000	98000	0.547046	1.62625e-12	4381.32	1.66013e-12	5758.47	1
deletion	chr11:3252001-3337000	85000	0.543106	1.87497e-12	4.05195e-18	1.92015e-12	1.73555e-17	1
duplication	chr11:4218001-4351000	133000	1.38467	0	3.96216e+07	0	4.22575e+07	1
deletion	chr11:5759001-5803000	44000	0.623151	7.01938e-07	53140.8	8.22795e-07	87206.1	1
deletion	chr11:7788001-7814000	26000	0.544664	5.91879e-07	57500.1	3.2055e-06	132154	1
deletion	chr11:21165001-21198000	33000	0.521738	4.82947e-12	1.17107	6.16926e-11	4.34152	1
deletion	chr11:25425001-25431000	6000	0.222391	0.322377	2.88258e-07	50.1056	0.06202	1
deletion	chr11:28985001-28991000	6000	0.0538042	1.66311	2.88258e-07	0.985762	6.96379e-11	1
deletion	chr11:50821001-51092000	271000	0.0163597	5.8809e-13	0	5.92463e-13	0	1
duplication	chr11:51176001-51233000	57000	1.66736	3.6857e-08	2.42849e+07	1.65504e-07	2.87119e+07	1
duplication	chr11:51299001-51405000	106000	1.51159	6.58539e-10	2.614e+09	1.97377e-09	2.61862e+09	1
deletion	chr11:52909001-52961000	52000	0.697799	2.06534e-06	3.89445e+07	7.63755e-06	4.5949e+07	1
deletion	chr11:52963001-52969000	6000	0.362282	2.05744	0.00372021	329.978	34.1237	1
deletion	chr11:54342001-54526000	184000	0.311012	8.66155e-13	2.87092e+09	8.75673e-13	2.87092e+09	1
deletion	chr11:55655001-55836000	181000	0.457901	8.80511e-13	1.91664e-48	8.90349e-13	8.20945e-48	1
duplication	chr11:61202001-61238000	36000	2.06429	0	1.84719e-45	0	1.893e-42	1
deletion	chr11:66166001-66172000	6000	0.104021	4.5468	8.10167e-06	0.661458	1.62981e-09	1
deletion	chr11:70956001-71056000	100000	0.00150652	1.59373e-12	0	1.62625e-12	0	1
deletion	chr11:87976001-88004000	28000	0.00845495	5.69188e-12	1.9342e-88	6.12971e-12	9.10574e-119	1
deletion	chr11:96562001-96567000	5000	0.0473477	0.967377	7.40578e-11	644.082	0.00506939	1
deletion	chr11:128442001-128446000	4000	0.0107608	0.661458	1.62981e-09	6953.14	0.447136	1
deletion	chr11:135077001-135087000	10000	0	1.59373e-11	2.63066e-40	6.99048e-08	1.68911e-30	1
deletion	chr12:1-10000	10000	0	1.59373e-11	2.63066e-40	6.99048e-08	1.68911e-30	-1
duplication	chr12:45001-60000	15000	2.57399	1.04995e-06	1.25662e-84	2.94071e-05	3.5241e-72	1
deletion	chr12:1086001-1091000	5000	0.0860867	6.1899	1.55277e-06	1926.11	1.98554	1
deletion	chr12:9480001-9580000	100000	0.599809	1.59373e-12	1.31106	1.62625e-12	2.01572	1
deletion	chr12:11073001-11099000	26000	0.25826	3.67783e-11	0.000171686	6.64052e-12	2.41041e-19	1
deletion	chr12:33233001-33246000	13000	0.509898	0.00293294	0.0519293	0.0179023	5.43622e-05	1
deletion	chr12:34719001-34831000	112000	0.299766	1.42297e-12	2.81762e+09	1.44884e-12	2.81857e+09	1
deletion	chr12:37185001-37235000	50000	0.0025826	3.18745e-12	3.74462e-187	3.32026e-12	1.19065e-226	1
deletion	chr12:37241001-37246000	5000	0	0.0147734	8.69058e-16	73.8606	5.58011e-06	1
deletion	chr12:45510001-45516000	6000	0	0.000237575	1.08456e-20	0.985762	6.96379e-11	1
deletion	chr12:133266001-133276000	10000	0	1.59373e-11	2.63066e-40	6.99048e-08	1.68911e-30	1
deletion	chr13:1-16080000	1.608e+07	0.00412767	9.91123e-15	2.871e+09	9.91246e-15	2.871e+09	1
duplication	chr13:16113001-16153000	40000	2.63264	2.37129e-05	5.36106e+07	0.000148005	6.54169e+07	1
deletion	chr13:16165001-16228000	63000	0.207018	2.52972e-12	3.12284e-80	2.61266e-12	2.08347e-77	1
duplication	chr13:16228001-16260000	32000	7.8655	8.94233e-06	5.61042e-122	5.85232e-06	8.28534e-114	1
duplication	chr13:16282001-16620000	338000	3.07225	0	1.38429e+09	0	1.39028e+09	1
duplication	chr13:16622001-16887000	265000	3.43575	0	1.87118e+09	0	1.87723e+09	1
duplication	chr13:16889001-17425000	536000	4.08085	0	2.39452e+09	0	2.39614e+09	1
duplication	chr13:17458001-18052000	594000	5.03336	0	1.05245e+06	0	1.08086e+06	1
deletion	chr13:18052001-18171000	119000	0	1.33926e-12	0	1.36216e-12	0	1
deletion	chr13:18358001-18408000	50000	0.000430434	3.18745e-12	8.15897e-228	3.32026e-12	1.19065e-226	1
duplication	chr13:18435001-18557000	122000	1.53086	0	105132	0	124297	1
duplication	chr13:57139001-57173000	34000	3.43208	0	4.70523e-78	0	2.56477e-107	1
deletion	chr13:57178001-57215000	37000	0.0197767	4.30737e-12	5.44969e-81	4.5535e-12	6.40387e-151	1
deletion	chr13:86202001-86253000	51000	0	3.12495e-12	2.31416e-241	3.2525e-12	1.48589e-231	1
deletion	chr13:111669001-111843000	174000	0.255044	9.15934e-13	1.76193e+09	9.26584e-13	1.77184e+09	1
deletion	chr13:113673001-113723000	50000	0	3.18745e-12	1.85435e-236	3.32026e-12	1.19065e-226	1
deletion	chr13:114355001-114365000	10000	0	1.59373e-11	2.63066e-40	6.99048e-08	1.68911e-30	1
deletion	chr14:1-16023000	1.6023e+07	2.01476e-05	9.94648e-15	0	9.94773e-15	0	-1
deletion	chr14:16046001-16092000	46000	0.446809	3.46462e-12	8.9271e-11	3.6221e-12	6.29296e-10	1
deletion	chr14:16106001-16113000	7000	0	4.00608e-06	1.35349e-25	0.0147734	8.69058e-16	1
duplication	chr14:16113001-16130000	17000	1.91163	1.68402e-06	6.99906e-27	1.95874e-05	1.08344e-22	1
deletion	chr14:16141001-18223000	2.082e+06	0.00425885	7.65478e-14	2.871e+09	7.66214e-14	2.871e+09	1
duplication	chr14:18595001-18626000	31000	1.69882	1.39059e-06	0.00016781	1.72207e-05	0.00119832	1
deletion	chr14:18713001-18862000	149000	0	1.06961e-12	0	1.08417e-12	0	1
duplication	chr14:18914001-19477000	563000	1.77005	0	7.90839e+07	0	8.00995e+07	1
deletion	chr14:19510001-19611000	101000	0.0102281	1.57795e-12	2.01887e-109	1.60982e-12	7.18893e-220	1
duplication	chr14:19611001-19720000	109000	1.69429	0	2.91138e+08	0	3.03624e+08	1
duplication	chr14:19722001-19956000	234000	1.84774	0	0.221135	0	0.269834	1
deletion	chr14:20081001-20088000	7000	0.19677	8.56849	0.000203722	91.97	0.356296	1
deletion	chr14:20882001-20946000	64000	0.567971	2.4902e-12	0.00781319	2.57052e-12	0.0179573	1
deletion	chr14:40140001-40149000	9000	0.463912	0.0176902	0.00318824	0.195356	0.092155	1
deletion	chr14:73532001-73560000	28000	0.588772	5.49284e-06	1.01471e+06	4.81381e-05	1.79016e+06	1
duplication	chr14:105640001-105664000	24000	1.66345	0.000211582	0.163291	0.00186283	1.16606	1
deletion	chr14:105864001-106260000	396000	0.524184	4.02456e-13	4.3778e-40	4.04499e-13	7.72334e-40	1
deletion	chr14:106271001-106325000	54000	0.744889	1.47567e-11	72.9905	1.0114e-10	139.494	1
deletion	chr14:106693001-106752000	59000	0.689059	1.41655e-07	1.7473e+08	8.83897e-07	1.92122e+08	1
deletion	chr14:106884001-107044000	160000	0	9.96078e-13	0	1.00869e-12	0	1
deletion	chr15:1-17000000	1.7e+07	0	9.37485e-15	0	9.37596e-15	0	-1
deletion	chr15:17097001-18356000	1.259e+06	0.438263	1.26587e-13	2.871e+09	1.26788e-13	2.871e+09	1
deletion	chr15:19721001-19775000	54000	0.0561955	2.95134e-12	3.17861e-21	3.06486e-12	3.07292e-34	1
duplication	chr15:19995001-20635000	640000	2.48629	0	1.33192e+09	0	1.33513e+09	1
duplication	chr15:20637001-20689000	52000	2.37359	1.22594e-11	1.39082e+08	3.82494e-11	1.56257e+08	1
deletion	chr15:20689001-20729000	40000	0.00645651	3.98431e-12	2.10199e-113	4.19401e-12	1.29943e-177	1
duplication	chr15:20988001-21186000	198000	1.61413	0	2.08507e+09	0	2.09182e+09	1
deletion	chr15:21194001-21242000	48000	0	3.32026e-12	1.19065e-226	3.46462e-12	7.64502e-217	1
duplication	chr15:21242001-21288000	46000	2.06	1.53916e-06	4.97892e+06	2.12623e-06	6.56409e+06	1
deletion	chr15:21506001-21704000	198000	0.732281	8.04912e-13	1.09147e+08	8.13125e-13	1.12812e+08	1
deletion	chr15:21779001-21829000	50000	0.00215217	3.18745e-12	6.03647e-195	3.32026e-12	1.19065e-226	1
duplication	chr15:22221001-22308000	87000	1.92285	0	103418	0	130841	1
deletion	chr15:22308001-22358000	50000	0.00344347	3.18745e-12	4.48097e-172	3.32026e-12	1.19065e-226	1
duplication	chr15:22359001-22575000	216000	1.57258	0	40.1422	0	47.4599	1
duplication	chr15:23129001-23213000	84000	1.46476	0	0.00343304	0	0.00660001	1
deletion	chr15:23227001-23277000	50000	0.000860867	3.18745e-12	2.42288e-219	3.32026e-12	1.19065e-226	1
duplication	chr15:23277001-23349000	72000	1.2638	9.03537e-06	1.85454e+07	3.61076e-05	2.13335e+07	1
duplication	chr15:28317001-28455000	138000	1.25684	7.11402e-10	1.45602e+09	1.43201e-09	1.47041e+09	1
deletion	chr15:34415001-34567000	152000	0.590855	1.0485e-12	60.8408	1.06248e-12	76.7656	1
duplication	chr15:72645001-72666000	21000	1.72891	0.000710076	3.116	0.00373296	22.2512	1
duplication	chr15:74068001-74089000	21000	2.08043	6.16292e-05	3.01354e-06	0.00031385	8.04719e-05	1
duplication	chr15:75259001-75295000	36000	1.87478	7.8854e-08	1.08358e-09	2.29375e-07	1.14385e-08	1
duplication	chr15:82428001-82479000	51000	1.485	4.76143e-07	4.01342e+07	2.21044e-06	4.74505e+07	1
deletion	chr15:84240001-84386000	146000	0.511951	1.09159e-12	6.36434e+08	1.10675e-12	6.49705e+08	1
deletion	chr15:101880001-101929000	49000	0.453712	3.2525e-12	2615.61	3.3909e-12	4614.48	1
duplication	chr15:101944001-101961000	17000	1.56982	0.00581799	2.16948e-05	0.0713557	0.000994785	1
deletion	chr15:101982001-101992000	10000	0	1.59373e-11	2.63066e-40	6.99048e-08	1.68911e-30	1
deletion	chr16:1-13000	13000	0.110919	0.000585959	0.00110843	0.00747198	0.0900431	1
duplication	chr16:14928001-15030000	102000	1.55041	0	2167.91	0	2858.12	1
deletion	chr16:18436001-18486000	50000	0.00602607	3.18745e-12	7.1623e-131	3.32026e-12	1.19065e-226	1
deletion	chr16:19786001-19803000	17000	0.539308	0.00132965	130649	0.0286564	423565	1
deletion	chr16:20496001-20527000	31000	0.603996	1.11957e-07	0.0418712	3.58401e-07	0.209421	1
duplication	chr16:21398001-21583000	185000	1.71115	0	0.0226163	0	0.0298168	1
duplication	chr16:21730001-21932000	202000	1.34617	0	4.29454e+06	0	4.58024e+06	1
duplication	chr16:22438001-22699000	261000	1.82794	0	6.2078e-07	0	8.18422e-07	1
deletion	chr16:28695001-28710000	15000	0.464868	5.90741e-09	3.41897e-11	9.75115e-08	1.55041e-08	1
duplication	chr16:29452001-29534000	82000	1.622	0	0.00017451	0	0.000366578	1
duplication	chr16:30191001-30281000	90000	1.60647	0	11383.5	0	15007.7	1
duplication	chr16:32082001-32130000	48000	1.48141	3.22729e-08	84938.7	2.5316e-07	131163	1
deletion	chr16:32447001-32730000	283000	0.666716	5.63154e-13	2.68168e+07	5.67162e-13	2.77173e+07	1
duplication	chr16:33026001-33059000	33000	1.59782	0.000349542	2.84692e+08	0.00239269	3.27494e+08	1
deletion	chr16:33165001-33491000	326000	0.46001	4.88873e-13	2.871e+09	4.9189e-13	2.871e+09	1
duplication	chr16:33577001-33610000	33000	1.58152	2.08633e-09	1.03004e-06	3.29644e-08	8.89051e-06	1
duplication	chr16:33728001-33749000	21000	1.94618	0.0123384	3.00223e+06	0.106933	5.77179e+06	1
duplication	chr16:34161001-34186000	25000	1.584	0.00151702	1.51769e+08	0.00876021	1.92013e+08	1
deletion	chr16:34289001-34571000	282000	0.341371	5.65151e-13	2.871e+09	5.69188e-13	2.871e+09	1
deletion	chr16:34577001-34581000	4000	0.0161413	2.26832	7.52169e-09	6953.14	0.447136	1
deletion	chr16:34961001-35073000	112000	0.445999	1.42297e-12	7.25401e-59	1.44884e-12	1.16863e-57	1
deletion	chr16:36261001-36311000	50000	0.00301304	3.18745e-12	1.57333e-179	3.32026e-12	1.19065e-226	1
deletion	chr16:36599001-36665000	66000	0.725216	2.167e-05	1.68547e+09	0.000108774	1.7129e+09	1
deletion	chr16:36986001-37358000	372000	0.733126	4.28421e-13	2.871e+09	4.30737e-13	2.871e+09	1
deletion	chr16:37360001-37723000	363000	0.70399	4.39043e-13	2.871e+09	4.41475e-13	2.871e+09	1
deletion	chr16:37725001-37878000	153000	0.704589	1.04165e-12	2.84607e+09	1.05545e-12	2.8464e+09	1
deletion	chr16:37880001-37944000	64000	0.633881	2.4902e-12	9.97784e+08	7.71157e-12	1.03129e+09	1
deletion	chr16:38268001-46380000	8.112e+06	0.000313062	1.96465e-14	0	1.96514e-14	0	1
duplication	chr16:70120001-70163000	43000	1.57709	7.41268e-12	2.1503e-11	1.55485e-11	1.85597e-10	1
duplication	chr16:74358001-74405000	47000	1.57841	7.92793e-08	76.3636	3.43805e-07	160.411	1
deletion	chr16:85404001-85411000	7000	0.172173	0.937802	7.03122e-06	9.92388	3.25688e-07	1
deletion	chr16:90228001-90339000	111000	0.00368389	1.43579e-12	4.35495e-235	1.46213e-12	0	1
deletion	chr17:1-116000	116000	0.347501	1.3739e-12	1.43936e-05	1.398e-12	2.53933e-05	1
deletion	chr17:448001-489000	41000	0.00367443	3.88713e-12	1.21294e-145	4.08647e-12	1.62165e-182	1
deletion	chr17:16805001-16829000	24000	0.222391	1.2617e-10	2.71373e-08	3.76699e-10	7.1166e-07	1
duplication	chr17:18444001-18510000	66000	1.94673	0	2.45496e-31	0	4.02e-30	1
duplication	chr17:19216001-19237000	21000	1.59465	0.0312267	140454	0.251536	361458	1
duplication	chr17:20441001-20489000	48000	1.40564	3.8774e-08	2.85349e+08	2.23281e-07	3.14162e+08	1
duplication	chr17:21290001-21351000	61000	1.62894	1.04507e-11	5041.05	7.0232e-11	7784.43	1
duplication	chr17:21400001-21448000	48000	1.5258	5.12648e-09	4.31453e+08	3.31356e-08	4.66906e+08	1
duplication	chr17:21648001-21770000	122000	1.83234	0	0.00885135	0	0.0136683	1
deletion	chr17:21796001-21814000	18000	0	8.85403e-12	1.54771e-79	9.96078e-12	9.93765e-70	1
deletion	chr17:21992001-22042000	50000	0.0025826	3.18745e-12	3.74462e-187	3.32026e-12	1.19065e-226	1
duplication	chr17:22123001-22160000	37000	2.2115	0	5.77021e-47	0	5.91332e-44	1
duplication	chr17:22377001-22395000	18000	2.16532	0.0109188	5.45373e-20	0.0977637	8.47137e-17	1
deletion	chr17:22762001-22814000	52000	0.00703594	3.06486e-12	4.63843e-187	3.18745e-12	1.57333e-179	1
deletion	chr17:23195001-23206000	11000	0.215217	0.000293135	6.24205e-12	0.0157096	3.56601e-08	1
deletion	chr17:23222001-23543000	321000	0.404822	4.96488e-13	2.871e+09	4.996e-13	2.871e+09	1
duplication	chr17:23544001-23549000	5000	0.593999	1410.41	815210	22056.5	2.13784e+07	1
deletion	chr17:23549001-24809000	1.26e+06	0.395606	1.26486e-13	2.871e+09	1.26687e-13	2.871e+09	1
deletion	chr17:24811001-25745000	934000	0.472671	1.70634e-13	2.871e+09	1.71001e-13	2.871e+09	1
duplication	chr17:25745001-25788000	43000	0.421925	0.0350792	2.871e+09	0.129865	2.871e+09	1
deletion	chr17:25789001-25794000	5000	0.241043	71.5756	0.0298671	7656.84	738.464	1
deletion	chr17:25797001-26560000	763000	0.518862	2.91328e-05	2.871e+09	3.29132e-05	2.871e+09	1
duplication	chr17:26767001-26886000	119000	3.95294	0.000232781	0.564957	0	0.822511	1
deletion	chr17:26886001-26936000	50000	0	3.18745e-12	1.85435e-236	3.32026e-12	1.19065e-226	1
duplication	chr17:36109001-36429000	320000	2.37337	0	0.00663494	0	0.00784446	1
duplication	chr17:37891001-38245000	354000	1.6213	0	6.98782e+07	0	7.13607e+07	1
deletion	chr17:41352001-41370000	18000	0.555977	4.16246e-07	4.59438e-05	1.82277e-05	0.00156709	1
deletion	chr17:81742001-81792000	50000	0.0103304	3.18745e-12	2.17683e-75	3.32026e-12	1.19065e-226	1
deletion	chr17:83235001-83258000	23000	0.289139	5.5904e-06	3.88509	4.45726e-05	22.9396	1
deletion	chr18:1-10000	10000	0	1.59373e-11	2.63066e-40	6.99048e-08	1.68911e-30	-1
deletion	chr18:15411001-15463000	52000	0.0177968	3.06486e-12	6.63167e-74	3.18745e-12	9.99876e-71	1
duplication	chr18:16112001-16290000	178000	1.59877	0	1.72509e+09	0	1.73499e+09	1
deletion	chr18:18607001-18634000	27000	0.635288	0.0184138	6.08635e+08	0.116868	6.82745e+08	1
duplication	chr18:20228001-20444000	216000	1.43986	0	1.54733e+09	0	1.55621e+09	1
duplication	chr18:20519001-20562000	43000	1.7838	7.1876e-05	7.84186e+07	0.000369886	9.27141e+07	1
deletion	chr18:20562001-20621000	59000	0.63033	2.72844e-05	4.41416e+08	6.2492e-05	4.70342e+08	1
deletion	chr18:20691001-20912000	221000	0.439393	7.21143e-13	2.871e+09	7.27728e-13	2.871e+09	1
deletion	chr18:28693001-28699000	6000	0.190108	15.6877	0.0153981	1019.58	87.9674	1
deletion	chr18:41285001-41288000	3000	0	73.8606	5.58011e-06	1	1	1
deletion	chr18:46970001-47020000	50000	0.00344347	3.18745e-12	4.48097e-172	3.32026e-12	1.19065e-226	1
duplication	chr18:47020001-47031000	11000	10.6826	0.00318118	0	0.218655	0	1
deletion	chr18:66057001-66066000	9000	0.418477	0.0704129	0.000561002	0.775283	0.00101459	1
deletion	chr18:67292001-67300000	8000	0.0107608	5.34017e-07	3.94208e-25	0.00187797	1.1516e-16	1
deletion	chr18:80264001-80374000	110000	0	1.44884e-12	0	1.47567e-12	0	1
deletion	chr19:1-60000	60000	0	2.65621e-12	1.69911e-285	2.7478e-12	1.09098e-275	-1
duplication	chr19:88001-117000	29000	1.87461	1.93335e-08	4.14137e-06	8.18112e-08	4.37173e-05	1
duplication	chr19:8741001-8787000	46000	2.21299	4.15754e-10	28957.5	1.94145e-09	47751.8	1
deletion	chr19:9164001-9176000	12000	0.159619	0.0119766	8.82674	0.14502	231.476	1
deletion	chr19:12584001-12588000	4000	0.00538042	0.0813672	3.42233e-10	6953.14	0.447136	1
duplication	chr19:24330001-24436000	106000	1.63057	0	1.70428e+09	0	1.72113e+09	1
deletion	chr19:24449001-27241000	2.792e+06	0.0113081	5.70818e-14	2.871e+09	5.71228e-14	2.871e+09	1
duplication	chr19:27346001-27400000	54000	2.48217	0	3916.01	0	6457.62	1
duplication	chr19:36269001-36310000	41000	10.5897	0	0	0	0	1
duplication	chr19:37279001-37304000	25000	4.66418	0.00278957	7.63897e-110	0.00851653	2.33902e-100	1
duplication	chr19:39878001-39906000	28000	1.6418	4.57376e-06	0.39962	5.88455e-05	2.0215	1
duplication	chr19:50091001-50129000	38000	1.6028	0.000253064	1.50415e+07	0.00109521	1.98304e+07	1
deletion	chr19:51632001-51647000	15000	0.507912	0.0171472	303.57	0.125396	2584.41	1
duplication	chr19:54220001-54241000	21000	1.67254	4.68206e-06	2.24326e-14	4.65205e-06	1.34618e-13	1
deletion	chr19:58606001-58618000	12000	0.0430434	1.85417e-07	2.54285e-26	6.00308e-06	1.76782e-20	1
deletion	chr20:1-60000	60000	0	2.65621e-12	1.69911e-285	2.7478e-12	1.09098e-275	-1
deletion	chr20:1580001-1615000	35000	0.548496	4.5535e-12	215.226	3.38063e-11	549.598	1
deletion	chr20:25783001-25847000	64000	0.509122	2.4902e-12	2.07687e-18	2.57052e-12	1.46405e-17	1
deletion	chr20:26011001-26073000	62000	0.525893	2.57052e-12	0.0179573	2.65621e-12	0.0412718	1
deletion	chr20:26386001-26436000	50000	0.0012913	3.18745e-12	4.85913e-211	3.32026e-12	1.19065e-226	1
duplication	chr20:26437001-26510000	73000	3.93906	4.36637e-11	1.57636e+09	1.07745e-10	1.60247e+09	1
deletion	chr20:26591001-26596000	5000	0	0.0147734	8.69058e-16	73.8606	5.58011e-06	1
duplication	chr20:26677001-26800000	123000	2.10353	0	6.75294	0	9.32813	1
duplication	chr20:26802001-26906000	104000	1.97441	0	6.7377e+06	0	7.56971e+06	1
duplication	chr20:26910001-27634000	724000	1.97188	0	2.40948e+09	0	2.41065e+09	1
duplication	chr20:27636001-28431000	795000	1.87222	0	1.71613e+09	0	1.71835e+09	1
duplication	chr20:28433001-28496000	63000	2.14909	0	1.46946e+07	0	1.73733e+07	1
deletion	chr20:28499001-28506000	7000	0.0676396	0.015907	1.46268e-15	0.542528	7.40578e-11	1
duplication	chr20:28509001-28646000	137000	3.59004	0	2.13611e+09	0	2.14535e+09	1
deletion	chr20:28647001-28729000	82000	0.278207	1.94357e-12	2.87065e+09	1.99216e-12	2.87066e+09	1
duplication	chr20:28804001-28826000	22000	3.80934	2.22926e-06	0.14496	2.11127e-05	1.25118	1
deletion	chr20:28844001-28860000	16000	0	9.96078e-12	9.93765e-70	1.13838e-11	6.38083e-60	1
deletion	chr20:28891001-28896000	5000	0	0.0147734	8.69058e-16	73.8606	5.58011e-06	1
deletion	chr20:28960001-29014000	54000	0.338767	2.95134e-12	3.22156e-72	3.06486e-12	3.20784e-69	1
duplication	chr20:29015001-29126000	111000	2.24213	0	1.89006e+09	0	1.90435e+09	1
deletion	chr20:29138001-29153000	15000	0.394564	8.17327e-06	1.36448e-05	0.000185591	0.00110843	1
deletion	chr20:29155001-29204000	49000	0.490607	3.2525e-12	9.69921e+07	3.3909e-12	1.11375e+08	1
duplication	chr20:29261001-29412000	151000	1.90531	3.19197e-07	7.39092e+06	4.55217e-07	7.99823e+06	1
duplication	chr20:29494001-29517000	23000	3.02426	2.22833e-06	4.71561e-121	1.18687e-05	9.1022e-110	1
duplication	chr20:29783001-29887000	104000	1.86411	2.73036e-07	91875.5	6.72696e-07	112109	1
deletion	chr20:30036001-30096000	60000	0.105815	2.65621e-12	2.43393e-08	2.7478e-12	9.02331e-08	1
deletion	chr20:30098001-30132000	34000	0.629826	0.0269697	1.83907e+09	0.163247	1.88789e+09	1
deletion	chr20:30425001-30456000	31000	0.0229102	5.14105e-12	7.19494e-21	5.4956e-12	1.7698e-133	1
deletion	chr20:30762001-30812000	50000	0.00473477	3.18745e-12	1.01326e-150	3.32026e-12	1.19065e-226	1
duplication	chr20:30812001-30880000	68000	2.58102	0	1.09044e+08	0	1.20055e+08	1
duplication	chr20:30923001-30944000	21000	2.11117	0.000399086	4.19843e-05	0.00134018	0.00087237	1
deletion	chr20:31001001-31051000	50000	0.0107608	3.18745e-12	9.99876e-71	3.32026e-12	1.19065e-226	1
duplication	chr20:31052001-31101000	49000	26.7787	0.0126903	68352.3	0.0250134	105550	1
deletion	chr20:31107001-31157000	50000	0	3.18745e-12	1.85435e-236	3.32026e-12	1.19065e-226	1
deletion	chr20:64334001-64445000	111000	0.000387778	1.43579e-12	0	1.46213e-12	0	1
deletion	chr21:1-5216000	5.216e+06	0.0160381	3.05545e-14	0	3.05663e-14	0	1
duplication	chr21:5216001-5393000	177000	2.09551	0	1.73003e+09	0	1.73996e+09	1
deletion	chr21:5393001-5894000	501000	0.366169	3.18109e-13	4.05235e+06	3.19384e-13	4.15993e+06	1
deletion	chr21:5917001-6323000	406000	0.424497	3.92543e-13	4.87317e-24	3.94486e-13	7.06709e-24	1
duplication	chr21:6363001-6377000	14000	2.54725	0.00580132	2.71743e-32	0.0609537	1.97112e-26	1
deletion	chr21:6377001-6565000	188000	0.374912	8.47726e-13	1.53412e-29	8.56841e-13	3.91752e-29	1
deletion	chr21:6567001-6630000	63000	0.110683	2.52972e-12	2.49828e-43	2.61266e-12	1.12293e-41	1
deletion	chr21:6651001-7129000	478000	0.421879	3.33415e-13	2.12142e+09	3.34816e-13	2.12411e+09	1
deletion	chr21:7138001-7205000	67000	0.130094	2.37869e-12	4.20072e-17	2.45188e-12	2.48032e-16	1
deletion	chr21:7328001-7916000	588000	0.380985	2.71042e-13	8.27764e+08	2.71967e-13	0.00241989	1
duplication	chr21:7916001-8009000	93000	4.26731	3.05036e-09	4.07377e+08	7.78298e-09	4.24849e+08	1
deletion	chr21:8050001-8194000	144000	0.448518	1.10675e-12	0.00684065	1.12234e-12	0.00992035	1
duplication	chr21:8194001-8261000	67000	34.339	8.03999e-10	57270.9	1.05921e-09	79110.8	1
deletion	chr21:8261001-8355000	94000	0.238799	1.69545e-12	2.05475e-43	1.73231e-12	2.64382e-42	1
duplication	chr21:8377001-8472000	95000	38.4722	0	1.40141e-06	0	2.94383e-06	1
deletion	chr21:8472001-8686000	214000	0.572738	7.44731e-13	2.871e+09	7.51757e-13	0.000750854	1
deletion	chr21:8707001-8757000	50000	0.00989998	3.18745e-12	3.28872e-80	3.32026e-12	1.19065e-226	1
duplication	chr21:8757001-8851000	94000	1.79065	0	3.98913e+08	0	4.16021e+08	1
deletion	chr21:8887001-8987000	100000	0.00344347	1.59373e-12	1.14403e-245	1.62625e-12	0	1
duplication	chr21:8987001-9048000	61000	3.20955	1.09946e-07	150952	2.11868e-07	208516	1
duplication	chr21:9124001-9195000	71000	1.40831	1.40606e-05	1.36265e+09	4.20791e-05	1.39155e+09	1
deletion	chr21:9196001-9246000	50000	0	3.18745e-12	1.85435e-236	3.32026e-12	1.19065e-226	1
duplication	chr21:9249001-9377000	128000	1.83926	0	3.0112	0	4.1595	1
deletion	chr21:9377001-9529000	152000	0.0099113	1.0485e-12	7.11226e-117	1.06248e-12	3.95379e-216	1
duplication	chr21:9563001-9580000	17000	1.85846	0.0122402	7.37212e-17	0.138969	7.55497e-14	1
duplication	chr21:9647001-10030000	383000	1.92459	0	6.78542e+08	0	6.83672e+08	1
deletion	chr21:10170001-10325000	155000	1.56539	4723.84	2.86545e+09	4766.06	2.86552e+09	1
duplication	chr21:10326001-10492000	166000	3.88959	0	1.2741e-139	0	7.80883e-138	1
duplication	chr21:10524001-10815000	291000	4.80133	0.0061119	7.80723e-199	0.00646249	2.0848e-197	1
deletion	chr21:10815001-12966000	2.151e+06	0.000130071	7.40923e-14	0	7.41612e-14	0	1
duplication	chr21:12966001-13030000	64000	1.714	0	2.29386e+08	0	2.48235e+08	1
deletion	chr21:13038001-13184000	146000	0.372207	1.09159e-12	1671.66	1.10675e-12	2034.97	1
deletion	chr21:13585001-13799000	214000	0.379747	7.44731e-13	5.08833e-82	7.51757e-13	3.58691e-81	1
deletion	chr21:13894001-13901000	7000	0.0953103	0.0340491	1.451e-14	8.41751	6.57312e-08	1
duplication	chr21:19620001-19655000	35000	1.33742	0.000320099	187.874	0.00191126	483.494	1
deletion	chr21:34374001-34495000	121000	0.559564	1.31713e-12	6.68977e-16	1.33926e-12	1.70829e-15	1
deletion	chr21:43035001-43187000	152000	0.616341	1.0485e-12	60.8408	1.06248e-12	76.7656	1
deletion	chr21:43212001-43262000	50000	0.00903911	3.18745e-12	2.48779e-90	3.32026e-12	1.19065e-226	1
deletion	chr21:43377001-43572000	195000	0.565634	8.17295e-13	2.01941e-22	8.25764e-13	4.21445e-22	1
deletion	chr21:44095001-44266000	171000	0.617962	9.32003e-13	1.16255e-09	9.43033e-13	1.90778e-09	1
deletion	chr21:46700001-46710000	10000	0	1.59373e-11	2.63066e-40	6.99048e-08	1.68911e-30	1
deletion	chr22:1-10510000	1.051e+07	0	1.51639e-14	0	1.51668e-14	0	-1
duplication	chr22:10660001-10785000	125000	3.50407	0	2.85008e+09	0	2.85041e+09	1
deletion	chr22:10785001-10835000	50000	0.00688694	3.18745e-12	1.81232e-118	3.32026e-12	1.19065e-226	1
deletion	chr22:10874001-10924000	50000	0.00860867	3.18745e-12	1.24089e-95	3.32026e-12	1.19065e-226	1
duplication	chr22:10924001-10967000	43000	2.26929	0	2.83515e-13	0	1.08944e-56	1
deletion	chr22:10967001-11017000	50000	0.0146347	3.18745e-12	1.00054e-35	3.32026e-12	1.19065e-226	1
duplication	chr22:11017001-11069000	52000	4.67021	0	1.13723e-203	0	1.67943e-195	1
deletion	chr22:11069001-11261000	192000	0.351857	8.30065e-13	2.871e+09	8.38803e-13	2.871e+09	1
duplication	chr22:11261001-11378000	117000	2.2125	0	3.98798e-10	0	8.37721e-10	1
deletion	chr22:11378001-11428000	50000	0.000430434	3.18745e-12	8.15897e-228	3.32026e-12	1.19065e-226	1
deletion	chr22:11497001-11547000	50000	0.00473477	3.18745e-12	1.01326e-150	3.32026e-12	1.19065e-226	1
duplication	chr22:11547001-11631000	84000	2.40864	0	5.5038e-90	0	1.23332e-87	1
deletion	chr22:11631001-11681000	50000	0.0111913	3.18745e-12	3.19419e-66	3.32026e-12	1.19065e-226	1
deletion	chr22:11724001-11775000	51000	0.00970586	3.12495e-12	3.04792e-140	3.2525e-12	1.48589e-231	1
duplication	chr22:11789001-11841000	52000	2.016	0.022644	35620.1	0.0593645	55004.8	1
duplication	chr22:11924001-11954000	30000	2.35017	3.40213e-06	4.6733e-20	1.96682e-05	3.88017e-18	1
deletion	chr22:11978001-12028000	50000	0.00946954	3.18745e-12	3.44067e-85	3.32026e-12	1.19065e-226	1
deletion	chr22:12059001-12136000	77000	0.407515	2.06977e-12	184.466	2.12497e-12	283.612	1
deletion	chr22:12226001-12275000	49000	0	3.2525e-12	1.48589e-231	3.3909e-12	9.54073e-222	1
duplication	chr22:12275001-12439000	164000	1.76727	0	3122.36	0	3691.55	1
deletion	chr22:12439001-12489000	50000	0.00731737	3.18745e-12	1.63134e-112	3.32026e-12	1.19065e-226	1
duplication	chr22:12489001-12642000	153000	2.08521	0	2.81839e+09	0	2.81907e+09	1
deletion	chr22:12642001-12692000	50000	0.0107608	3.18745e-12	9.99876e-71	3.32026e-12	1.19065e-226	1
duplication	chr22:12695001-12714000	19000	1.78743	0.00106772	0.00087237	0.00278104	0.00214888	1
deletion	chr22:12726001-12776000	50000	0.00817824	3.18745e-12	4.26218e-101	3.32026e-12	1.19065e-226	1
deletion	chr22:12818001-12868000	50000	0.000430434	3.18745e-12	8.15897e-228	3.32026e-12	1.19065e-226	1
duplication	chr22:12880001-12905000	25000	1.47381	0.0252568	3.53961e+08	0.0460618	4.18487e+08	1
deletion	chr22:12905001-15154000	2.249e+06	0	7.08637e-14	0	7.09268e-14	0	1
duplication	chr22:15521001-15873000	352000	1.6491	0	5.08052e+08	0	5.13076e+08	1
deletion	chr22:15954001-16022000	68000	0.536776	2.34371e-12	4.88072e-15	2.41474e-12	2.44111e-14	1
deletion	chr22:16280001-16309000	29000	0.0972187	5.4956e-12	5.11646e-06	5.90269e-12	1.45284e-07	1
duplication	chr22:16419001-16457000	38000	1.37286	0.00514789	2155	0.0199546	4526.82	1
deletion	chr22:16479001-16524000	45000	0.566738	3.54161e-12	0.00921922	3.70634e-12	0.0298889	1
deletion	chr22:18175001-18939000	764000	0.910362	1233.14	2.871e+09	1244.37	2.871e+09	1
deletion	chr22:21110001-21543000	433000	0.713596	3.68066e-13	2.871e+09	3.69774e-13	2.871e+09	1
deletion	chr22:23932001-23969000	37000	0.299559	4.30737e-12	1.66099e-15	9.107e-12	3.39243e-14	1
deletion	chr22:50809001-50819000	10000	0	1.59373e-11	2.63066e-40	6.99048e-08	1.68911e-30	1
deletion	chrX:44001-222000	178000	0.118737	8.95351e-13	2.871e+09	9.05526e-13	2.871e+09	1
duplication	chrX:248001-1235000	987000	2.07194	0	1.10253e+09	0	1.10467e+09	1
duplication	chrX:1237001-1637000	400000	2.11629	0	1.94799e+09	0	1.95177e+09	1
duplication	chrX:1641001-1946000	305000	2.09546	0	2.51964e+08	0	2.56016e+08	1
deletion	chrX:1949001-2133000	184000	0.0019305	8.66155e-13	2.64311e-293	8.75673e-13	0	1
duplication	chrX:2135001-2160000	25000	2.42433	1.45348e-09	1.04634e-16	2.21736e-08	1.13433e-14	1
duplication	chrX:2162001-2278000	116000	2.19635	0	2.98498e-10	0	6.34215e-10	1
duplication	chrX:2282001-2781000	499000	2.17479	0	1.16053	0	1.26563	1
deletion	chrX:3830001-3937000	107000	0.312471	1.48946e-12	1.1826e-52	1.51783e-12	1.66044e-51	1
deletion	chrX:37099001-37288000	189000	0.000939716	8.43241e-13	0	8.52259e-13	0	1
duplication	chrX:49318001-49348000	30000	4.57632	2.67895e-07	1.74213e-75	1.35075e-06	7.17039e-70	1
deletion	chrX:49348001-49528000	180000	0.00518018	8.85403e-13	1.24024e-59	8.95351e-13	0	1
duplication	chrX:49531001-49604000	73000	2.83197	0	2.23178e-08	0	6.56752e-08	1
deletion	chrX:50226001-50280000	54000	0	2.95134e-12	5.29736e-154	3.06486e-12	5.63954e-148	1
duplication	chrX:56768001-56781000	13000	5.69706	0.00349026	0	0.0591624	0	1
deletion	chrX:58555001-58605000	50000	0.00532819	3.18745e-12	2.97564e-88	3.32026e-12	6.39163e-136	1
deletion	chrX:62413001-62463000	50000	0	3.18745e-12	6.00382e-142	3.32026e-12	6.39163e-136	1
deletion	chrX:73602001-73612000	10000	0.0355213	1.56603e-05	3.88002e-09	1.10748e-05	2.2351e-15	1
deletion	chrX:73946001-73950000	4000	0.0111004	0.726803	0.0156822	7335.33	6709.97	1
deletion	chrX:114280001-114333000	53000	0.0117287	3.00703e-12	5.23166e-64	3.12495e-12	5.81883e-145	1
deletion	chrX:115738001-115839000	101000	0	1.57795e-12	1.21683e-295	1.60982e-12	1.29543e-289	1
duplication	chrX:115843001-115889000	46000	3.06661	9.70094e-11	3.80069e-54	3.18745e-10	2.05919e-51	1
deletion	chrX:116556001-116595000	39000	0.0102465	4.08647e-12	6.45892e-67	4.30737e-12	1.20204e-81	1
duplication	chrX:119900001-119925000	25000	3.20757	0	7.60387e-77	8.31509e-11	5.33574e-70	1
deletion	chrX:120875001-120987000	112000	0.233108	1.42297e-12	1.70087e-22	1.44884e-12	6.1419e-22	1
deletion	chrX:125272001-125281000	9000	0.019734	2.97745e-06	1.12332e-11	0.00268864	3.85043e-07	1
deletion	chrX:140412001-140419000	7000	0.0507447	0.195784	0.00927975	0.267115	2.45512e-06	1
deletion	chrX:144425001-144477000	52000	0	3.06486e-12	5.63954e-148	3.18745e-12	6.00382e-142	1
duplication	chrX:155703001-155860000	157000	1.97262	0	9.80718e-35	0	3.5096e-34	1
duplication	chrX:155863001-156030000	167000	2.08023	0	2.06233e+06	0	2.24909e+06	1
deletion	chrY:1-2781000	2.781e+06	0	5.73076e-14	0	5.73489e-14	0	-1
duplication	chrY:6246001-6269000	23000	2.51352	0.0138808	2.88827e+08	0.010116	34.1257	1
deletion	chrY:9047001-9107000	60000	0.0629022	2.65621e-12	1.05296e+09	2.7478e-12	1.08876e+09	1
duplication	chrY:9336001-9404000	68000	3.37713	0	6.62782e-68	0	1.18957e-65	1
deletion	chrY:9404001-9454000	50000	0.0168726	3.18745e-12	2.00169e-16	3.32026e-12	6.39163e-136	1
duplication	chrY:9454001-9537000	83000	3.50452	0	8.24565e-85	0	1.47994e-82	1
deletion	chrY:10267001-10317000	50000	0.00177606	3.18745e-12	1.54972e-122	3.32026e-12	6.39163e-136	1
duplication	chrY:10317001-10365000	48000	3.04151	0	6.75251e-117	0	1.15875e-111	1
duplication	chrY:10367001-10544000	177000	2.73634	0	1.33695e+06	0	1.45802e+06	1
deletion	chrY:10544001-10594000	50000	0	3.18745e-12	6.00382e-142	3.32026e-12	6.39163e-136	1
deletion	chrY:10634001-10646000	12000	0.0740026	0.0057596	15675.7	1.53954e-08	2.09948e-21	1
deletion	chrY:10694001-10744000	50000	0.0319691	3.18745e-12	5.70443e+08	3.32026e-12	6.39163e-136	1
duplication	chrY:10744001-10853000	109000	15.2456	1.52354e-09	0	4.06921e-09	0	1
duplication	chrY:10855001-11041000	186000	11.1508	0	2.39721e+09	0	2.40186e+09	1
duplication	chrY:11083001-11335000	252000	11.4139	0.00156863	930749	0.0019624	992029	1
duplication	chrY:11492001-11593000	101000	14.7128	1.83988e-09	1.12731e-83	2.80109e-09	7.61845e-82	1
deletion	chrY:11593001-11643000	50000	0.0106564	3.18745e-12	7.27671e-48	3.32026e-12	6.39163e-136	1
deletion	chrY:20207001-20258000	51000	0.00870619	3.12495e-12	3.41894e-90	3.2525e-12	6.19469e-139	1
duplication	chrY:21494001-21551000	57000	2.02534	0	3.81152e-28	0	7.49939e-27	1
deletion	chrY:21789001-21805000	16000	0.0083253	9.96078e-12	2.37468e-30	1.13838e-11	1.85244e-33	1
duplication	chrY:21878001-21925000	47000	1.9669	0	1.62779	0	4.02777	1
duplication	chrY:22209001-22324000	115000	1.88572	0	7.60095e+08	0	7.77868e+08	1
deletion	chrY:22361001-22378000	17000	0.00783557	9.37485e-12	8.56946e-33	1.06248e-11	1.79536e-36	1
duplication	chrY:26638001-26673000	35000	13.1822	0.0036022	6.07207e-305	0.0174576	5.10041e-287	1
deletion	chrY:26673001-56673000	3e+07	4.44016e-06	5.31242e-15	0	5.31277e-15	0	1
duplication	chrY:56673001-56772000	99000	206.46	0	0	0	0	1
deletion	chrY:56772001-56822000	50000	0.0470657	3.18745e-12	2.86904e+09	3.32026e-12	6.39163e-136	1
duplication	chrY:56822001-56887000	65000	15.8227	1.01768e-05	4.05923e-80	1.35069e-05	2.19926e-77	1
deletion	chrY:56888001-57228000	340000	0	4.68743e-13	0	4.71516e-13	0	1
